dealer_id,y/n
53201,Y
53234,Y
53251,Y
53867,Y
47302,Y
48460,Y
48945,Y
47239,Y
48920,Y
47231,Y
49227,Y
49212,Y
20633,Y
55010,Y
55011,Y
55006,Y
55007,Y
55008,Y
55249,Y
55245,Y
55246,Y
55247,Y
49909,Y
49910,Y
49911,Y
49912,Y
49913,Y
49914,Y
49915,Y
49916,Y
49917,Y
49918,Y
49919,Y
49920,Y
49921,Y
49922,Y
49892,Y
49893,Y
49894,Y
49895,Y
49896,Y
49897,Y
49898,Y
49899,Y
49900,Y
49901,Y
49902,Y
49903,Y
49904,Y
49905,Y
49906,Y
49907,Y
49908,Y
63693,Y
63691,Y
63690,Y
63689,Y
63688,Y
63685,Y
63684,Y
63683,Y
63681,Y
63679,Y
63678,Y
63762,Y
63763,Y
57236,Y
63457,Y
44847,Y
63929,Y
63642,Y
47299,Y
18356,Y
52709,Y
52941,Y
38501,Y
50867,Y
28348,Y
16372,Y
63945,Y
46002,Y
49358,Y
62979,Y
48969,Y
61650,Y
62029,Y
18191,Y
27167,Y
27170,Y
27456,Y
41373,Y
43469,Y
43702,Y
44888,Y
52097,Y
36546,Y
46668,Y
23400,Y
59595,Y
59597,Y
59599,Y
59600,Y
59605,Y
59611,Y
59614,Y
59615,Y
59618,Y
59621,Y
59623,Y
59624,Y
63860,Y
59625,Y
59820,Y
59821,Y
59824,Y
59826,Y
59827,Y
59904,Y
60092,Y
30846,Y
56504,Y
30235,Y
61316,Y
62211,Y
60774,Y
48974,Y
57608,Y
43700,Y
56441,Y
33527,Y
49817,Y
48459,Y
49809,Y
42752,Y
43842,Y
48977,Y
36192,Y
63949,Y
60998,Y
63882,Y
62563,Y
61916,Y
63913,Y
29810,Y
56988,Y
54303,Y
56917,Y
56894,Y
52871,Y
57964,Y
18810,Y
61933,Y
48303,Y
36118,Y
27451,Y
34651,Y
50961,Y
49420,Y
56920,Y
38340,Y
56953,Y
27688,Y
48320,Y
27429,Y
56981,Y
34766,Y
52388,Y
49495,Y
36111,Y
49512,Y
48331,Y
63942,Y
29637,Y
48348,Y
48349,Y
27705,Y
56921,Y
49556,Y
48354,Y
61657,Y
51505,Y
40687,Y
40691,Y
40705,Y
40703,Y
40689,Y
40707,Y
40698,Y
40697,Y
40706,Y
40696,Y
40699,Y
40700,Y
45617,Y
53398,Y
45616,Y
53399,Y
45697,Y
33319,Y
33690,Y
37757,Y
49467,Y
50374,Y
49640,Y
53918,Y
52346,Y
25384,Y
52351,Y
49639,Y
52352,Y
52354,Y
34915,Y
61807,Y
62949,Y
59839,Y
61549,Y
63012,Y
63708,Y
62703,Y
63632,Y
63019,Y
63031,Y
63872,Y
63007,Y
62699,Y
53766,Y
60910,Y
18543,Y
48582,Y
52658,Y
63868,Y
53279,Y
62127,Y
62126,Y
58908,Y
62117,Y
62108,Y
56383,Y
54705,Y
62107,Y
62103,Y
62110,Y
51732,Y
63577,Y
63576,Y
63780,Y
62663,Y
63953,Y
63455,Y
60802,Y
54979,Y
60799,Y
60794,Y
63955,Y
15572,Y
43329,Y
42777,Y
33608,Y
30670,Y
36255,Y
25462,Y
23339,Y
37136,Y
22286,Y
62962,Y
20994,Y
62142,Y
29180,Y
44452,Y
44615,Y
19812,Y
45242,Y
40882,Y
45302,Y
45394,Y
45516,Y
17940,Y
45949,Y
45973,Y
19933,Y
46448,Y
21540,Y
21396,Y
33695,Y
37670,Y
24742,Y
42768,Y
22256,Y
26587,Y
21606,Y
47559,Y
19777,Y
63278,Y
19233,Y
24710,Y
19902,Y
19890,Y
19831,Y
17362,Y
34304,Y
21087,Y
26255,Y
63781,Y
61076,Y
62063,Y
60136,Y
49290,Y
55095,Y
54521,Y
57446,Y
60140,Y
63094,Y
54940,Y
63093,Y
63092,Y
63956,Y
60722,Y
57659,Y
61954,Y
47392,Y
56693,Y
56694,Y
56689,Y
51008,Y
53803,Y
32839,Y
45255,Y
51492,Y
50522,Y
32983,Y
50562,Y
52523,Y
61173,Y
60388,Y
50528,Y
38436,Y
22989,Y
21338,Y
25814,Y
44632,Y
27037,Y
15186,Y
43656,Y
15690,Y
24797,Y
33090,Y
33078,Y
15701,Y
33100,Y
20646,Y
31798,Y
20648,Y
24790,Y
33147,Y
15696,Y
24802,Y
15699,Y
21682,Y
20643,Y
63962,Y
51466,Y
63453,Y
62737,Y
62758,Y
62778,Y
62913,Y
62918,Y
62924,Y
63005,Y
20160,Y
20161,Y
20162,Y
23546,Y
44618,Y
38094,Y
48964,Y
51755,Y
63650,Y
63651,Y
63706,Y
63725,Y
63707,Y
63733,Y
63739,Y
63752,Y
63756,Y
60207,Y
60208,Y
60281,Y
60318,Y
60319,Y
60882,Y
60883,Y
63966,Y
14286,Y
14880,Y
16979,Y
28191,Y
28868,Y
29760,Y
31440,Y
32798,Y
32898,Y
33817,Y
60885,Y
61003,Y
61004,Y
61005,Y
61007,Y
61008,Y
61013,Y
61016,Y
38254,Y
61017,Y
44316,Y
61027,Y
44320,Y
61028,Y
44990,Y
45489,Y
45887,Y
45926,Y
45967,Y
48137,Y
53717,Y
56245,Y
56249,Y
56250,Y
56254,Y
56263,Y
63967,Y
63487,Y
44442,Y
63448,Y
52321,Y
44290,Y
63968,Y
47400,Y
63365,Y
44203,Y
32602,Y
51240,Y
63434,Y
58162,Y
26185,Y
63459,Y
26416,Y
63502,Y
47952,Y
44877,Y
55989,Y
63521,Y
63523,Y
46519,Y
46520,Y
45707,Y
63975,Y
62159,Y
63133,Y
63969,Y
59935,Y
62053,Y
46188,Y
41003,Y
40632,Y
63977,Y
59851,Y
55694,Y
40686,Y
44036,Y
55700,Y
40673,Y
40772,Y
48031,Y
57744,Y
63970,Y
63971,Y
58745,Y
63452,Y
63470,Y
63859,Y
14359,Y
20471,Y
63467,Y
21893,Y
63802,Y
62762,Y
63609,Y
63513,Y
14371,Y
63029,Y
21879,Y
24424,Y
63051,Y
56454,Y
45316,Y
63506,Y
59223,Y
59609,Y
52888,Y
31570,Y
62154,Y
52635,Y
54799,Y
47567,Y
63508,Y
35680,Y
63608,Y
47968,Y
42688,Y
33998,Y
51265,Y
19669,Y
50998,Y
14874,Y
63912,Y
52461,Y
16279,Y
20783,Y
23847,Y
26133,Y
26991,Y
37807,Y
39535,Y
51272,Y
63818,Y
53711,Y
53713,Y
57282,Y
58555,Y
58571,Y
13816,Y
58573,Y
63653,Y
58576,Y
58603,Y
31582,Y
43803,Y
38473,Y
28074,Y
62799,Y
26787,Y
29920,Y
39243,Y
31039,Y
59403,Y
52722,Y
17656,Y
18542,Y
58865,Y
23405,Y
25635,Y
26696,Y
31599,Y
32307,Y
26442,Y
46040,Y
37928,Y
38633,Y
58327,Y
58333,Y
12182,Y
24351,Y
30263,Y
58338,Y
58348,Y
58476,Y
58477,Y
58329,Y
26408,Y
28175,Y
28871,Y
29125,Y
61476,Y
52745,Y
29753,Y
29833,Y
29834,Y
29836,Y
29842,Y
21344,Y
30762,Y
31219,Y
31448,Y
31447,Y
31449,Y
32807,Y
32901,Y
63771,Y
32902,Y
33586,Y
34092,Y
52686,Y
35899,Y
11280,Y
52742,Y
38147,Y
38150,Y
52744,Y
38151,Y
52748,Y
52749,Y
52750,Y
52761,Y
52758,Y
63979,Y
63789,Y
63825,Y
45857,Y
63984,Y
62041,Y
24645,Y
63980,Y
63460,Y
63981,Y
33367,Y
63982,Y
63983,Y
47163,Y
47167,Y
47232,Y
47554,Y
47575,Y
47579,Y
47580,Y
47584,Y
47610,Y
47611,Y
47808,Y
47896,Y
57887,Y
63240,Y
62401,Y
63191,Y
58635,Y
53528,Y
51828,Y
51779,Y
51774,Y
51708,Y
50801,Y
50736,Y
48097,Y
48095,Y
48094,Y
48092,Y
56797,Y
27911,Y
39540,Y
35657,Y
18298,Y
20765,Y
20799,Y
63997,Y
40017,Y
33215,Y
58961,Y
62696,Y
62723,Y
58958,Y
58960,Y
58962,Y
58963,Y
58964,Y
58965,Y
58966,Y
62765,Y
35702,Y
26290,Y
45809,Y
38222,Y
61340,Y
24631,Y
24337,Y
63992,Y
53488,Y
34293,Y
34181,Y
34290,Y
64002,Y
32749,Y
64001,Y
54649,Y
54648,Y
37797,Y
29580,Y
21138,Y
25997,Y
20125,Y
54646,Y
31809,Y
54099,Y
26000,Y
26101,Y
18953,Y
26377,Y
19936,Y
21141,Y
47440,Y
47441,Y
47445,Y
47446,Y
21637,Y
47248,Y
47447,Y
47448,Y
47333,Y
47370,Y
47356,Y
18025,Y
49508,Y
47283,Y
47330,Y
47489,Y
47429,Y
45457,Y
17352,Y
30084,Y
30225,Y
43293,Y
23792,Y
47260,Y
47271,Y
51715,Y
51929,Y
51934,Y
51944,Y
51952,Y
51968,Y
54919,Y
54917,Y
52019,Y
51970,Y
51938,Y
58890,Y
58871,Y
58905,Y
58862,Y
33957,Y
20227,Y
34706,Y
60369,Y
60370,Y
60371,Y
60367,Y
60368,Y
60589,Y
43392,Y
61211,Y
60424,Y
51989,Y
30394,Y
23210,Y
44775,Y
40810,Y
53814,Y
45163,Y
37164,Y
25525,Y
60087,Y
60259,Y
60142,Y
60248,Y
60141,Y
60288,Y
60101,Y
30477,Y
30803,Y
39554,Y
60665,Y
60622,Y
60618,Y
62306,Y
62298,Y
62545,Y
62544,Y
62547,Y
62543,Y
59867,Y
57223,Y
57225,Y
57096,Y
57094,Y
58165,Y
58163,Y
58161,Y
58160,Y
58159,Y
58158,Y
58157,Y
58155,Y
58153,Y
37513,Y
38065,Y
13782,Y
54183,Y
54147,Y
53945,Y
49235,Y
62773,Y
17499,Y
58994,Y
58993,Y
58992,Y
58991,Y
58990,Y
58987,Y
58669,Y
58666,Y
58596,Y
57955,Y
43570,Y
47607,Y
25017,Y
47716,Y
47718,Y
44483,Y
56253,Y
58590,Y
56260,Y
47684,Y
63710,Y
56257,Y
57101,Y
44623,Y
21124,Y
21122,Y
49877,Y
49878,Y
49879,Y
49880,Y
49881,Y
49882,Y
49883,Y
49884,Y
49885,Y
49886,Y
49889,Y
49890,Y
49923,Y
34251,Y
54001,Y
53153,Y
53152,Y
38875,Y
21005,Y
53139,Y
23468,Y
51736,Y
27028,Y
40857,Y
50035,Y
23454,Y
41187,Y
27630,Y
29183,Y
27628,Y
64005,Y
64006,Y
63363,Y
63934,Y
49253,Y
34322,Y
25451,Y
63933,Y
44474,Y
62383,Y
63269,Y
63259,Y
62382,Y
50147,Y
49260,Y
51930,Y
44655,Y
49509,Y
50872,Y
50824,Y
50732,Y
49261,Y
30496,Y
11557,Y
43847,Y
48030,Y
26615,Y
30898,Y
24701,Y
48808,Y
50837,Y
50835,Y
50840,Y
53734,Y
53735,Y
53740,Y
53741,Y
53742,Y
53737,Y
53739,Y
50850,Y
50851,Y
50854,Y
50858,Y
50861,Y
50852,Y
50853,Y
53736,Y
43319,Y
28738,Y
19110,Y
17103,Y
49526,Y
61051,Y
61632,Y
61621,Y
61049,Y
48683,Y
48687,Y
48679,Y
48677,Y
47891,Y
31612,Y
61634,Y
61619,Y
61886,Y
61617,Y
61651,Y
62002,Y
13047,Y
49470,Y
49874,Y
50471,Y
45649,Y
45650,Y
45651,Y
45665,Y
45673,Y
45679,Y
45833,Y
45917,Y
45918,Y
46162,Y
46639,Y
47661,Y
47890,Y
47893,Y
43307,Y
43459,Y
43626,Y
43661,Y
43894,Y
43917,Y
43948,Y
43972,Y
44071,Y
44072,Y
44431,Y
44539,Y
44652,Y
44767,Y
44854,Y
45066,Y
45176,Y
49255,Y
34600,Y
42210,Y
33970,Y
16305,Y
11006,Y
31422,Y
63750,Y
28723,Y
29674,Y
63758,Y
20021,Y
15854,Y
26803,Y
63317,Y
40701,Y
40694,Y
38415,Y
20086,Y
40692,Y
46052,Y
20573,Y
63314,Y
40702,Y
47144,Y
43275,Y
63315,Y
40693,Y
43539,Y
43791,Y
33877,Y
13805,Y
33530,Y
63316,Y
20081,Y
59626,Y
33316,Y
20353,Y
52634,Y
43057,Y
22915,Y
43405,Y
40690,Y
38041,Y
48025,Y
45615,Y
38040,Y
43121,Y
47632,Y
13877,Y
13837,Y
43438,Y
22922,Y
43118,Y
43936,Y
61917,Y
44627,Y
24006,Y
23193,Y
28215,Y
45212,Y
62515,Y
62498,Y
62508,Y
15296,Y
43999,Y
44938,Y
14065,Y
62865,Y
63799,Y
63800,Y
64010,Y
58530,Y
26612,Y
60496,Y
60573,Y
60658,Y
60569,Y
19941,Y
60495,Y
60553,Y
60549,Y
60584,Y
60542,Y
34185,Y
60541,Y
60518,Y
60607,Y
64018,Y
60639,Y
60578,Y
60556,Y
60519,Y
60613,Y
60602,Y
60616,Y
60638,Y
60567,Y
60510,Y
60532,Y
60566,Y
60663,Y
60603,Y
60614,Y
60501,Y
60662,Y
53956,Y
60625,Y
60560,Y
60508,Y
60624,Y
60660,Y
60631,Y
60592,Y
60612,Y
22901,Y
42770,Y
40196,Y
44523,Y
34261,Y
14459,Y
38371,Y
42587,Y
22879,Y
64047,Y
64045,Y
21184,Y
25926,Y
46270,Y
46579,Y
36035,Y
26634,Y
25924,Y
26779,Y
49210,Y
47571,Y
46399,Y
46273,Y
27582,Y
47227,Y
26777,Y
52341,Y
49746,Y
52211,Y
47210,Y
52221,Y
49751,Y
48219,Y
46863,Y
46288,Y
46870,Y
46877,Y
46885,Y
52360,Y
34678,Y
41460,Y
28505,Y
46568,Y
28157,Y
46825,Y
28266,Y
46295,Y
46262,Y
46869,Y
52770,Y
64046,Y
32915,Y
56583,Y
54236,Y
25139,Y
25185,Y
24993,Y
63801,Y
63803,Y
63804,Y
60180,Y
23029,Y
55012,Y
61885,Y
58726,Y
64058,Y
55322,Y
56517,Y
56400,Y
57208,Y
58861,Y
58971,Y
36101,Y
51763,Y
36099,Y
59297,Y
36165,Y
20429,Y
19832,Y
43021,Y
50057,Y
21797,Y
35707,Y
41120,Y
20528,Y
62343,Y
64059,Y
62277,Y
62276,Y
62233,Y
62224,Y
62215,Y
61635,Y
61597,Y
61590,Y
60340,Y
60193,Y
59836,Y
58688,Y
58622,Y
56511,Y
56509,Y
56502,Y
56359,Y
35660,Y
18869,Y
35656,Y
26832,Y
54881,Y
55674,Y
64070,Y
64071,Y
63746,Y
63866,Y
63865,Y
63864,Y
63863,Y
19691,Y
63039,Y
64003,Y
21623,Y
59482,Y
64090,Y
28774,Y
53837,Y
24088,Y
26224,Y
64103,Y
64104,Y
64075,Y
58453,Y
55492,Y
58452,Y
19351,Y
56341,Y
56333,Y
55423,Y
57797,Y
57799,Y
57796,Y
63207,Y
64128,Y
55747,Y
56739,Y
56334,Y
55721,Y
57802,Y
37472,Y
22314,Y
59933,Y
51026,Y
52480,Y
24462,Y
34364,Y
23829,Y
56086,Y
63144,Y
58167,Y
52453,Y
63119,Y
63940,Y
56661,Y
56691,Y
37717,Y
53042,Y
56825,Y
49450,Y
64110,Y
43552,Y
24780,Y
56287,Y
56472,Y
59956,Y
59078,Y
62185,Y
45635,Y
46991,Y
64143,Y
64145,Y
64148,Y
64149,Y
64146,Y
63273,Y
63276,Y
50016,Y
63904,Y
41494,Y
55093,Y
49406,Y
41111,Y
61055,Y
52191,Y
64109,Y
64122,Y
64098,Y
64156,Y
55996,Y
53726,Y
53785,Y
61478,Y
56261,Y
47761,Y
47712,Y
64097,Y
12094,Y
17227,Y
54019,Y
53959,Y
24960,Y
53903,Y
53902,Y
62895,Y
53721,Y
62870,Y
34200,Y
25843,Y
36377,Y
45118,Y
34983,Y
35531,Y
43292,Y
45410,Y
40314,Y
35490,Y
36485,Y
40318,Y
30064,Y
30905,Y
26453,Y
40316,Y
36363,Y
35623,Y
36906,Y
54656,Y
28312,Y
17236,Y
34815,Y
14119,Y
35811,Y
45173,Y
23413,Y
43436,Y
36905,Y
21627,Y
40329,Y
18286,Y
16725,Y
57589,Y
30080,Y
35537,Y
36360,Y
19196,Y
40315,Y
17052,Y
17590,Y
36359,Y
47277,Y
47535,Y
47534,Y
47533,Y
47508,Y
47506,Y
47507,Y
47505,Y
47504,Y
47502,Y
47501,Y
54657,Y
38556,Y
25222,Y
30279,Y
31153,Y
46989,Y
29980,Y
51481,Y
32533,Y
30171,Y
38207,Y
37254,Y
55049,Y
46659,Y
49818,Y
49832,Y
49828,Y
49829,Y
51924,Y
53992,Y
64176,Y
49831,Y
54135,Y
54545,Y
61183,Y
64173,Y
52034,Y
52031,Y
52413,Y
63332,Y
54162,Y
58744,Y
58309,Y
64030,Y
64027,Y
61236,Y
56152,Y
54731,Y
54357,Y
55961,Y
16186,Y
23923,Y
20040,Y
17328,Y
31258,Y
64000,Y
64197,Y
64181,Y
64182,Y
64198,Y
64183,Y
64184,Y
62511,Y
64185,Y
64186,Y
64187,Y
64189,Y
63999,Y
63450,Y
64199,Y
64188,Y
64190,Y
64191,Y
64192,Y
64193,Y
64194,Y
64195,Y
63732,Y
64196,Y
63773,Y
44004,Y
63209,Y
59638,Y
56927,Y
59639,Y
59640,Y
60679,Y
60912,Y
59641,Y
63925,Y
63928,Y
63923,Y
21159,Y
30264,Y
45459,Y
40695,Y
31628,Y
40688,Y
45610,Y
45696,Y
45609,Y
53396,Y
45611,Y
45612,Y
45613,Y
45614,Y
42326,Y
42514,Y
42518,Y
42517,Y
42539,Y
42516,Y
42515,Y
42520,Y
42521,Y
27296,Y
23846,Y
57133,Y
64225,Y
60334,Y
62705,Y
62640,Y
64165,Y
36586,Y
36946,Y
64174,Y
56115,Y
47068,Y
56116,Y
64230,Y
57259,Y
54505,Y
57674,Y
59655,Y
63649,Y
57265,Y
63537,Y
59296,Y
56352,Y
57123,Y
63627,Y
63652,Y
37923,Y
49289,Y
43805,Y
44986,Y
47178,Y
57074,Y
20216,Y
55571,Y
50111,Y
55616,Y
55560,Y
53889,Y
40140,Y
12343,Y
54203,Y
54175,Y
13484,Y
14161,Y
24576,Y
12071,Y
46202,Y
11318,Y
45529,Y
47008,Y
21075,Y
35008,Y
52621,Y
63011,Y
49594,Y
55545,Y
63611,Y
63614,Y
63612,Y
63610,Y
17303,Y
63613,Y
29987,Y
29979,Y
30624,Y
20098,Y
37686,Y
40045,Y
47600,Y
43480,Y
35757,Y
14528,Y
15329,Y
35139,Y
33905,Y
49287,Y
21971,Y
21975,Y
50950,Y
14605,Y
14447,Y
14458,Y
52543,Y
50819,Y
14395,Y
34117,Y
45754,Y
64243,Y
64233,Y
64234,Y
64235,Y
64236,Y
64244,Y
16613,Y
20296,Y
40792,Y
64245,Y
62137,Y
63951,Y
64246,Y
64247,Y
64207,Y
64026,Y
38241,Y
38245,Y
38246,Y
21981,Y
38243,Y
37931,Y
45825,Y
18104,Y
18099,Y
19522,Y
24732,Y
64253,Y
46921,Y
38223,Y
19364,Y
12407,Y
64252,Y
38119,Y
49626,Y
50468,Y
54138,Y
54573,Y
53915,Y
54028,Y
53621,Y
50713,Y
50896,Y
50676,Y
50714,Y
64167,Y
63910,Y
44437,Y
23945,Y
26399,Y
64258,Y
56542,Y
55013,Y
19210,Y
62999,Y
55053,Y
57922,Y
33306,Y
21081,Y
19185,Y
64259,Y
64262,Y
64028,Y
63943,Y
63941,Y
63520,Y
64179,Y
54804,Y
50393,Y
51585,Y
64273,Y
36130,Y
35334,Y
60244,Y
25268,Y
35036,Y
64255,Y
13510,Y
48062,Y
63597,Y
19348,Y
54797,Y
64287,Y
64282,Y
64285,Y
60106,Y
63851,Y
59828,Y
59174,Y
51180,Y
59154,Y
59133,Y
59131,Y
59153,Y
59124,Y
54999,Y
64288,Y
64284,Y
38186,Y
48886,Y
38242,Y
37522,Y
64286,Y
18108,Y
18098,Y
18102,Y
18100,Y
37932,Y
18105,Y
37983,Y
18103,Y
37934,Y
18097,Y
62459,Y
18107,Y
18096,Y
45503,Y
45619,Y
62457,Y
45953,Y
18101,Y
37704,Y
55491,Y
58308,Y
60293,Y
61154,Y
60986,Y
55086,Y
53965,Y
53963,Y
64125,Y
61248,Y
27496,Y
63511,Y
47939,Y
29587,Y
58807,Y
50422,Y
60972,Y
47940,Y
19692,Y
47942,Y
20352,Y
20331,Y
63143,Y
19648,Y
59398,Y
62830,Y
53660,Y
55398,Y
43232,Y
47947,Y
54090,Y
57043,Y
52713,Y
59291,Y
52714,Y
57655,Y
54092,Y
57063,Y
62321,Y
55502,Y
59183,Y
48793,Y
61386,Y
59712,Y
58974,Y
60260,Y
58646,Y
57407,Y
50461,Y
54827,Y
53751,Y
64291,Y
53744,Y
43540,Y
62898,Y
63569,Y
56462,Y
59265,Y
64304,Y
64305,Y
56973,Y
27694,Y
53985,Y
52117,Y
55651,Y
11306,Y
46337,Y
49960,Y
13141,Y
45357,Y
57262,Y
52627,Y
63886,Y
63883,Y
63885,Y
63888,Y
63881,Y
63324,Y
63352,Y
64084,Y
63893,Y
64081,Y
63887,Y
63892,Y
63876,Y
64083,Y
61981,Y
64366,Y
60904,Y
48461,Y
47298,Y
34241,Y
47221,Y
64413,Y
60637,Y
60644,Y
64279,Y
64283,Y
64280,Y
64277,Y
64289,Y
60611,Y
60601,Y
60576,Y
60572,Y
64557,Y
64559,Y
62442,Y
26039,Y
62985,Y
47662,Y
46297,Y
49466,Y
18814,Y
48308,Y
18806,Y
21798,Y
63571,Y
62850,Y
56922,Y
63097,Y
42905,Y
19513,Y
63961,Y
63054,Y
61018,Y
64178,Y
61423,Y
56446,Y
64614,Y
64612,Y
64613,Y
46691,Y
64238,Y
22799,Y
23560,Y
53584,Y
64242,Y
63620,Y
64461,Y
49763,Y
53571,Y
53583,Y
61747,Y
64617,Y
55366,Y
62016,Y
62028,Y
62031,Y
62039,Y
61610,Y
58444,Y
50862,Y
61620,Y
58446,Y
58930,Y
61622,Y
61633,Y
62213,Y
61639,Y
62177,Y
61630,Y
28077,Y
64044,Y
34370,Y
57364,Y
57360,Y
63709,Y
24436,Y
56381,Y
64013,Y
61818,Y
53276,Y
42556,Y
37306,Y
24476,Y
53266,Y
24442,Y
57347,Y
36205,Y
50323,Y
57336,Y
17892,Y
50326,Y
33148,Y
24435,Y
57369,Y
44193,Y
38897,Y
33779,Y
61871,Y
59900,Y
43495,Y
32353,Y
64065,Y
64073,Y
64060,Y
24421,Y
64159,Y
54065,Y
54071,Y
52376,Y
60494,Y
59513,Y
52378,Y
64158,Y
54070,Y
61431,Y
52372,Y
32333,Y
37935,Y
32248,Y
64229,Y
31210,Y
54342,Y
55612,Y
53125,Y
47729,Y
54351,Y
26351,Y
53122,Y
42737,Y
46819,Y
51859,Y
29989,Y
58762,Y
64618,Y
64254,Y
64250,Y
64251,Y
64249,Y
51427,Y
63902,Y
44596,Y
29233,Y
10441,Y
60057,Y
54488,Y
10456,Y
51407,Y
64576,Y
17214,Y
64496,Y
51915,Y
63310,Y
20324,Y
63306,Y
64547,Y
18891,Y
11194,Y
15770,Y
59334,Y
16080,Y
16193,Y
17329,Y
22507,Y
34111,Y
44745,Y
25911,Y
44311,Y
60988,Y
24906,Y
49578,Y
49507,Y
61011,Y
56886,Y
55984,Y
61609,Y
51827,Y
50918,Y
59975,Y
51650,Y
62775,Y
50162,Y
61589,Y
52071,Y
64093,Y
64119,Y
62815,Y
50244,Y
63205,Y
51448,Y
49619,Y
49609,Y
56285,Y
56009,Y
49111,Y
50250,Y
51577,Y
56172,Y
63617,Y
24366,Y
23437,Y
20821,Y
12912,Y
13873,Y
56727,Y
24338,Y
62829,Y
24343,Y
33635,Y
63456,Y
40127,Y
52457,Y
40130,Y
16658,Y
13888,Y
61769,Y
48257,Y
53419,Y
40128,Y
57672,Y
44468,Y
43047,Y
38229,Y
19227,Y
25472,Y
24916,Y
20329,Y
13871,Y
51382,Y
44132,Y
43945,Y
64066,Y
43051,Y
43638,Y
13872,Y
13787,Y
52874,Y
63406,Y
63411,Y
63425,Y
63404,Y
63408,Y
47646,Y
52438,Y
52636,Y
40563,Y
14151,Y
18141,Y
23242,Y
11349,Y
28847,Y
18533,Y
51258,Y
53578,Y
64264,Y
56734,Y
24321,Y
58369,Y
61119,Y
13052,Y
14793,Y
17314,Y
25503,Y
26178,Y
26181,Y
26183,Y
26336,Y
27189,Y
30546,Y
46652,Y
47766,Y
48036,Y
52623,Y
53877,Y
53879,Y
53880,Y
55092,Y
19934,Y
19935,Y
21139,Y
21142,Y
22736,Y
25998,Y
54647,Y
58664,Y
59003,Y
59007,Y
59352,Y
59533,Y
59966,Y
58988,Y
61233,Y
10185,Y
25463,Y
26727,Y
30077,Y
30083,Y
33152,Y
33681,Y
38412,Y
43290,Y
43856,Y
44923,Y
47242,Y
47246,Y
47270,Y
52976,Y
52978,Y
49513,Y
61584,Y
49465,Y
35836,Y
34546,Y
37226,Y
34849,Y
34413,Y
31507,Y
62725,Y
58389,Y
64281,Y
52802,Y
54962,Y
18506,Y
45143,Y
62846,Y
21988,Y
59421,Y
61935,Y
62953,Y
58526,Y
16160,Y
64634,Y
35243,Y
16421,Y
18505,Y
56399,Y
61319,Y
64638,Y
64641,Y
21691,Y
52674,Y
49571,Y
63833,Y
63832,Y
37618,Y
33645,Y
22119,Y
31634,Y
19286,Y
48992,Y
19965,Y
19306,Y
59311,Y
56422,Y
64647,Y
64648,Y
64650,Y
21245,Y
21752,Y
25134,Y
26491,Y
52839,Y
52840,Y
62433,Y
62584,Y
63625,Y
63852,Y
64120,Y
64123,Y
64578,Y
62826,Y
53381,Y
56724,Y
53667,Y
54727,Y
54653,Y
61261,Y
32416,Y
64652,Y
64653,Y
58598,Y
63329,Y
46305,Y
64663,Y
64665,Y
64666,Y
46219,Y
62871,Y
27877,Y
20168,Y
23661,Y
24295,Y
26259,Y
62529,Y
20534,Y
20042,Y
20045,Y
14292,Y
15036,Y
28642,Y
63964,Y
33674,Y
27596,Y
62061,Y
64629,Y
52177,Y
38919,Y
40621,Y
33495,Y
30307,Y
56324,Y
57905,Y
64683,Y
33251,Y
44229,Y
32371,Y
14005,Y
30878,Y
49464,Y
32036,Y
19191,Y
19189,Y
19192,Y
19193,Y
19201,Y
19204,Y
57112,Y
57113,Y
57114,Y
57115,Y
57117,Y
61784,Y
64684,Y
64096,Y
50512,Y
50529,Y
45978,Y
50545,Y
50584,Y
60392,Y
50590,Y
53747,Y
50585,Y
50897,Y
57106,Y
59509,Y
59510,Y
59511,Y
32470,Y
64656,Y
64657,Y
64659,Y
14004,Y
52799,Y
52817,Y
52833,Y
52814,Y
47622,Y
62567,Y
62505,Y
62504,Y
62493,Y
58746,Y
62719,Y
58040,Y
14071,Y
14073,Y
64053,Y
14083,Y
15660,Y
16542,Y
14086,Y
46502,Y
46503,Y
46504,Y
64039,Y
64633,Y
46505,Y
43658,Y
10286,Y
52445,Y
52447,Y
52448,Y
52450,Y
52849,Y
53004,Y
53005,Y
53017,Y
53018,Y
59515,Y
59517,Y
59519,Y
46506,Y
56038,Y
46507,Y
46776,Y
46777,Y
46778,Y
46779,Y
46781,Y
46782,Y
47606,Y
46861,Y
59812,Y
62074,Y
54886,Y
64140,Y
61294,Y
64138,Y
47791,Y
48433,Y
57598,Y
48634,Y
56935,Y
53555,Y
48636,Y
48844,Y
59879,Y
48846,Y
60928,Y
58976,Y
60934,Y
59272,Y
55712,Y
24278,Y
24342,Y
29859,Y
61919,Y
60289,Y
44764,Y
56090,Y
62541,Y
64012,Y
37715,Y
39981,Y
56933,Y
41386,Y
59977,Y
46215,Y
46216,Y
54029,Y
46217,Y
62060,Y
53479,Y
46218,Y
62018,Y
22505,Y
62817,Y
53482,Y
61034,Y
53484,Y
56928,Y
53483,Y
61036,Y
53487,Y
21388,Y
53478,Y
53486,Y
59983,Y
58054,Y
59982,Y
64685,Y
26079,Y
27718,Y
19084,Y
19875,Y
20736,Y
16673,Y
62835,Y
26855,Y
56184,Y
20740,Y
24101,Y
64642,Y
56211,Y
44534,Y
20766,Y
56185,Y
46307,Y
56174,Y
63344,Y
45712,Y
20794,Y
28167,Y
64686,Y
46308,Y
56215,Y
19270,Y
56582,Y
37706,Y
64113,Y
34505,Y
30643,Y
56183,Y
56210,Y
56207,Y
56477,Y
56201,Y
63284,Y
60709,Y
56218,Y
56219,Y
56217,Y
56214,Y
60909,Y
56209,Y
56202,Y
56193,Y
56192,Y
64180,Y
59101,Y
12509,Y
63156,Y
63626,Y
26247,Y
51034,Y
51035,Y
59567,Y
56431,Y
61568,Y
56087,Y
47071,Y
63180,Y
63798,Y
64687,Y
57207,Y
53101,Y
52516,Y
54831,Y
30656,Y
64627,Y
24672,Y
34163,Y
45101,Y
61006,Y
61057,Y
61984,Y
57328,Y
64111,Y
64114,Y
63361,Y
64116,Y
64457,Y
53971,Y
58751,Y
58749,Y
58753,Y
58755,Y
58768,Y
34396,Y
46660,Y
53976,Y
64704,Y
27241,Y
64061,Y
63927,Y
34379,Y
64117,Y
63960,Y
63575,Y
56803,Y
63963,Y
63532,Y
22318,Y
63957,Y
63531,Y
45429,Y
43644,Y
20374,Y
63188,Y
63079,Y
19677,Y
35488,Y
63125,Y
46426,Y
46697,Y
46695,Y
64142,Y
57325,Y
57320,Y
58324,Y
52025,Y
52004,Y
52009,Y
45836,Y
52008,Y
51982,Y
61770,Y
45840,Y
44533,Y
52800,Y
63533,Y
22248,Y
23034,Y
23039,Y
23060,Y
23062,Y
30104,Y
16059,Y
53361,Y
19082,Y
16306,Y
19282,Y
24530,Y
54091,Y
58950,Y
57408,Y
63065,Y
59346,Y
48035,Y
55403,Y
51969,Y
64139,Y
64701,Y
64711,Y
64709,Y
64705,Y
64715,Y
64698,Y
64694,Y
64691,Y
32225,Y
63867,Y
52554,Y
52559,Y
64713,Y
63854,Y
64712,Y
53200,Y
52518,Y
36571,Y
63858,Y
52509,Y
53316,Y
43623,Y
48038,Y
64702,Y
53033,Y
62733,Y
53955,Y
53053,Y
58835,Y
53036,Y
60469,Y
62297,Y
64708,Y
64696,Y
58092,Y
61158,Y
63091,Y
58186,Y
57993,Y
58180,Y
58005,Y
57997,Y
58177,Y
58175,Y
57801,Y
57912,Y
54753,Y
53368,Y
53374,Y
54305,Y
55766,Y
62612,Y
30282,Y
52174,Y
52168,Y
52169,Y
22573,Y
24104,Y
39986,Y
39985,Y
46625,Y
48002,Y
48008,Y
48017,Y
38453,Y
11588,Y
12898,Y
19876,Y
26701,Y
26702,Y
64717,Y
63793,Y
63809,Y
63806,Y
47186,Y
59025,Y
64720,Y
27327,Y
20219,Y
38291,Y
61863,Y
45175,Y
46253,Y
59976,Y
56744,Y
49058,Y
57217,Y
64727,Y
49059,Y
32850,Y
23372,Y
38490,Y
52464,Y
49798,Y
50281,Y
50650,Y
64725,Y
64726,Y
64728,Y
50378,Y
64735,Y
62614,Y
62331,Y
62467,Y
21610,Y
62608,Y
62340,Y
63582,Y
59651,Y
56346,Y
57684,Y
64739,Y
54418,Y
59652,Y
57455,Y
64740,Y
62425,Y
64742,Y
48298,Y
56075,Y
24859,Y
58109,Y
42787,Y
51188,Y
15344,Y
45885,Y
51192,Y
56941,Y
57008,Y
64414,Y
64367,Y
20156,Y
28277,Y
56544,Y
56449,Y
64267,Y
61526,Y
64750,Y
62569,Y
54239,Y
63389,Y
51802,Y
57992,Y
54043,Y
64092,Y
56421,Y
63754,Y
51474,Y
63322,Y
31608,Y
64102,Y
63325,Y
62966,Y
64091,Y
62556,Y
56410,Y
62692,Y
12294,Y
64157,Y
64164,Y
54000,Y
46827,Y
63783,Y
28427,Y
27772,Y
20275,Y
44335,Y
57615,Y
42971,Y
47633,Y
56305,Y
55483,Y
23171,Y
44886,Y
59179,Y
56808,Y
60043,Y
63022,Y
61793,Y
61958,Y
24532,Y
63026,Y
35441,Y
55466,Y
45057,Y
44915,Y
55451,Y
59269,Y
63590,Y
42199,Y
45196,Y
49711,Y
44321,Y
19996,Y
41388,Y
25417,Y
25415,Y
57851,Y
43741,Y
17080,Y
64757,Y
25140,Y
64761,Y
64762,Y
64759,Y
64758,Y
64760,Y
64763,Y
25137,Y
25123,Y
11390,Y
63554,Y
33958,Y
37073,Y
47647,Y
27849,Y
27130,Y
48276,Y
55504,Y
33595,Y
23911,Y
43627,Y
44332,Y
46018,Y
16054,Y
31843,Y
15916,Y
64775,Y
18310,Y
61695,Y
64776,Y
64777,Y
51900,Y
51570,Y
52701,Y
52404,Y
17505,Y
51282,Y
24259,Y
43244,Y
61348,Y
25413,Y
45889,Y
50119,Y
45891,Y
57621,Y
13121,Y
31222,Y
45275,Y
25719,Y
32797,Y
51279,Y
45890,Y
51281,Y
50047,Y
64767,Y
64778,Y
64765,Y
64766,Y
64774,Y
64779,Y
64773,Y
43162,Y
17154,Y
56262,Y
31165,Y
64780,Y
23310,Y
20991,Y
37695,Y
41284,Y
42767,Y
42776,Y
42835,Y
42983,Y
43151,Y
43202,Y
43209,Y
43376,Y
43416,Y
43578,Y
43643,Y
43857,Y
43992,Y
44035,Y
63367,Y
63401,Y
48244,Y
48740,Y
48159,Y
48196,Y
48243,Y
55753,Y
50397,Y
20104,Y
48253,Y
53817,Y
48495,Y
48250,Y
48546,Y
32215,Y
50249,Y
50635,Y
48462,Y
41119,Y
12549,Y
26741,Y
52637,Y
43370,Y
20251,Y
54339,Y
12889,Y
52093,Y
43196,Y
48204,Y
48558,Y
50258,Y
48464,Y
51749,Y
56223,Y
56191,Y
56171,Y
25306,Y
26730,Y
26771,Y
27324,Y
27329,Y
27438,Y
60229,Y
64786,Y
51142,Y
64803,Y
64804,Y
48081,Y
49396,Y
48169,Y
64162,Y
62833,Y
62152,Y
62069,Y
61973,Y
52281,Y
15158,Y
27246,Y
27894,Y
64815,Y
61409,Y
26040,Y
61968,Y
53282,Y
45844,Y
56364,Y
53509,Y
53283,Y
54289,Y
54307,Y
44104,Y
60200,Y
63447,Y
64816,Y
64818,Y
64817,Y
64820,Y
63524,Y
64821,Y
61504,Y
63206,Y
64822,Y
64823,Y
63734,Y
64824,Y
51752,Y
60226,Y
48166,Y
48463,Y
55811,Y
55809,Y
52856,Y
48730,Y
48217,Y
48465,Y
47629,Y
48771,Y
51174,Y
59841,Y
59849,Y
64825,Y
31674,Y
64805,Y
61205,Y
61959,Y
26246,Y
33149,Y
49551,Y
53162,Y
47557,Y
13118,Y
22516,Y
23398,Y
23442,Y
33368,Y
44836,Y
52184,Y
39948,Y
53651,Y
63646,Y
42203,Y
53655,Y
64800,Y
64799,Y
64798,Y
64781,Y
38591,Y
37307,Y
46624,Y
64827,Y
43159,Y
40628,Y
51836,Y
64828,Y
64829,Y
49552,Y
44631,Y
31664,Y
43105,Y
51259,Y
59267,Y
49583,Y
64572,Y
63340,Y
51897,Y
50139,Y
50141,Y
58873,Y
54530,Y
50467,Y
61091,Y
26454,Y
26452,Y
34427,Y
35295,Y
36703,Y
25023,Y
25029,Y
25024,Y
25066,Y
25072,Y
38265,Y
64832,Y
14280,Y
27278,Y
45911,Y
19625,Y
28484,Y
62700,Y
23081,Y
59271,Y
25696,Y
12678,Y
64838,Y
64133,Y
64837,Y
64839,Y
27743,Y
59936,Y
36572,Y
55699,Y
55693,Y
55695,Y
51470,Y
64261,Y
36544,Y
27297,Y
29077,Y
60275,Y
50807,Y
54674,Y
36176,Y
37415,Y
47781,Y
43915,Y
63853,Y
51468,Y
60311,Y
51469,Y
51472,Y
51467,Y
61980,Y
33627,Y
60398,Y
60255,Y
35648,Y
36152,Y
36150,Y
54916,Y
33104,Y
56798,Y
62361,Y
56351,Y
64632,Y
54495,Y
32489,Y
43729,Y
57653,Y
54510,Y
56355,Y
43497,Y
64848,Y
64849,Y
64850,Y
64851,Y
62679,Y
62677,Y
62660,Y
62658,Y
62657,Y
62656,Y
62674,Y
62659,Y
62671,Y
62666,Y
61956,Y
34332,Y
62001,Y
45854,Y
43879,Y
45178,Y
63132,Y
19864,Y
49251,Y
49252,Y
49254,Y
49256,Y
49257,Y
49258,Y
49259,Y
49262,Y
49440,Y
49442,Y
49443,Y
49444,Y
49445,Y
57906,Y
60394,Y
60396,Y
53209,Y
56900,Y
11746,Y
12023,Y
12304,Y
12306,Y
12656,Y
12969,Y
13416,Y
13418,Y
15843,Y
16285,Y
16286,Y
16428,Y
19194,Y
21362,Y
22294,Y
22297,Y
23711,Y
25790,Y
26338,Y
26418,Y
27544,Y
28916,Y
32302,Y
35143,Y
43544,Y
59171,Y
58318,Y
58316,Y
56085,Y
62102,Y
36834,Y
32947,Y
44172,Y
45543,Y
50968,Y
12105,Y
16471,Y
19203,Y
34778,Y
32029,Y
52809,Y
62116,Y
31756,Y
21649,Y
52812,Y
62120,Y
62104,Y
64902,Y
28641,Y
57852,Y
56273,Y
57849,Y
47550,Y
61315,Y
50439,Y
23023,Y
55436,Y
58690,Y
53821,Y
20706,Y
46428,Y
61260,Y
41471,Y
54982,Y
53604,Y
43742,Y
53600,Y
57843,Y
53599,Y
48136,Y
52657,Y
62443,Y
40704,Y
54675,Y
43510,Y
43511,Y
40840,Y
40839,Y
40842,Y
40841,Y
43512,Y
64721,Y
50717,Y
52808,Y
57901,Y
53397,Y
38004,Y
33035,Y
58208,Y
58204,Y
24433,Y
33033,Y
24428,Y
40873,Y
24440,Y
45618,Y
38044,Y
24426,Y
38452,Y
38220,Y
37975,Y
38899,Y
37978,Y
37976,Y
37979,Y
41465,Y
64501,Y
64500,Y
64377,Y
64536,Y
64344,Y
64437,Y
64406,Y
64476,Y
64409,Y
23181,Y
41445,Y
23445,Y
12450,Y
41446,Y
24444,Y
23480,Y
26557,Y
32261,Y
37748,Y
59868,Y
59903,Y
61327,Y
61329,Y
61470,Y
61472,Y
61934,Y
64904,Y
64905,Y
64906,Y
19367,Y
36813,Y
31707,Y
35988,Y
26604,Y
44987,Y
62462,Y
60473,Y
56490,Y
64794,Y
64793,Y
58817,Y
61977,Y
37199,Y
53527,Y
64795,Y
64796,Y
61085,Y
24069,Y
24070,Y
48061,Y
29087,Y
29498,Y
60317,Y
44349,Y
58953,Y
18498,Y
24068,Y
24071,Y
45813,Y
27003,Y
17759,Y
36567,Y
44260,Y
64855,Y
28722,Y
44384,Y
61047,Y
16400,Y
62998,Y
44375,Y
52234,Y
53477,Y
53480,Y
14479,Y
14561,Y
34940,Y
61174,Y
14478,Y
14488,Y
14491,Y
14492,Y
14497,Y
14498,Y
14503,Y
14520,Y
58136,Y
45054,Y
53414,Y
36919,Y
37950,Y
36609,Y
56635,Y
54356,Y
35363,Y
32993,Y
14573,Y
40366,Y
17197,Y
18639,Y
43153,Y
40422,Y
43163,Y
22145,Y
32992,Y
36592,Y
37960,Y
57891,Y
57892,Y
57893,Y
58579,Y
58580,Y
58581,Y
58582,Y
58583,Y
58593,Y
58594,Y
53436,Y
14072,Y
64009,Y
45476,Y
35884,Y
14075,Y
14082,Y
15218,Y
15722,Y
62837,Y
28432,Y
57274,Y
29326,Y
38019,Y
26680,Y
26723,Y
62876,Y
62882,Y
62885,Y
62893,Y
62930,Y
62937,Y
62992,Y
62899,Y
62970,Y
62879,Y
62948,Y
20731,Y
32579,Y
36180,Y
23394,Y
23402,Y
25167,Y
27147,Y
27428,Y
29408,Y
48386,Y
48387,Y
48388,Y
48389,Y
48390,Y
48391,Y
48392,Y
48395,Y
48397,Y
31815,Y
64208,Y
64212,Y
64217,Y
64744,Y
64752,Y
28755,Y
29579,Y
32885,Y
32986,Y
36706,Y
37500,Y
43789,Y
52236,Y
52297,Y
53820,Y
54113,Y
52290,Y
57215,Y
61924,Y
60818,Y
60812,Y
60822,Y
62729,Y
60821,Y
61283,Y
60830,Y
60780,Y
60824,Y
60816,Y
62952,Y
60787,Y
56046,Y
56047,Y
56049,Y
56070,Y
57614,Y
13785,Y
15289,Y
20058,Y
37512,Y
38126,Y
40685,Y
61064,Y
61066,Y
41301,Y
41302,Y
44508,Y
44509,Y
44510,Y
44511,Y
15292,Y
41303,Y
15293,Y
40557,Y
57944,Y
53318,Y
48292,Y
21737,Y
63162,Y
48300,Y
16584,Y
56965,Y
48302,Y
56919,Y
62141,Y
56897,Y
63147,Y
62133,Y
64710,Y
63549,Y
23549,Y
63548,Y
63607,Y
50115,Y
49653,Y
53841,Y
48362,Y
48563,Y
63247,Y
31506,Y
44848,Y
64914,Y
24616,Y
35778,Y
56000,Y
57405,Y
54935,Y
60489,Y
64643,Y
64660,Y
64668,Y
64669,Y
64670,Y
64671,Y
64672,Y
64673,Y
64674,Y
64676,Y
64677,Y
64678,Y
64679,Y
64680,Y
64681,Y
64921,Y
64922,Y
54329,Y
54330,Y
54331,Y
46995,Y
48332,Y
48339,Y
64563,Y
64611,Y
64933,Y
64925,Y
64929,Y
19805,Y
30446,Y
25932,Y
64615,Y
58205,Y
58207,Y
52402,Y
58210,Y
58211,Y
19682,Y
40802,Y
34668,Y
34669,Y
19650,Y
34670,Y
33036,Y
33037,Y
53581,Y
53582,Y
58216,Y
19651,Y
58221,Y
13188,Y
16635,Y
29984,Y
29991,Y
29990,Y
29988,Y
29982,Y
29986,Y
29992,Y
30626,Y
58957,Y
58967,Y
64935,Y
59420,Y
54865,Y
54554,Y
52974,Y
49588,Y
48198,Y
48732,Y
50247,Y
48160,Y
48165,Y
33988,Y
48187,Y
48189,Y
43630,Y
48206,Y
32459,Y
48251,Y
48497,Y
48545,Y
48560,Y
55870,Y
44195,Y
64560,Y
64631,Y
50387,Y
44164,Y
44167,Y
64625,Y
48738,Y
43434,Y
64467,Y
64616,Y
44724,Y
44939,Y
29126,Y
48734,Y
61821,Y
46886,Y
64942,Y
64945,Y
53022,Y
64948,Y
56978,Y
49516,Y
57000,Y
37613,Y
11052,Y
34854,Y
22467,Y
11037,Y
50255,Y
28764,Y
23833,Y
15703,Y
24965,Y
22474,Y
32256,Y
64718,Y
22242,Y
62803,Y
43800,Y
24404,Y
41258,Y
14445,Y
64965,Y
64966,Y
64967,Y
64968,Y
22280,Y
57970,Y
42900,Y
64970,Y
64971,Y
56701,Y
36735,Y
32748,Y
33214,Y
44152,Y
44922,Y
64973,Y
40773,Y
64949,Y
64976,Y
54709,Y
50926,Y
57871,Y
53385,Y
47549,Y
44124,Y
28861,Y
61762,Y
61946,Y
64810,Y
57846,Y
57026,Y
61942,Y
21444,Y
48884,Y
50923,Y
64693,Y
64934,Y
38038,Y
38043,Y
64979,Y
38042,Y
64980,Y
64981,Y
13802,Y
15285,Y
20568,Y
21758,Y
35212,Y
36486,Y
38317,Y
49204,Y
49215,Y
49216,Y
49220,Y
49226,Y
51140,Y
54768,Y
59466,Y
29301,Y
62540,Y
62537,Y
43259,Y
64920,Y
64930,Y
62642,Y
29560,Y
29568,Y
29569,Y
29570,Y
29571,Y
29572,Y
29573,Y
29574,Y
29575,Y
29576,Y
29578,Y
32072,Y
32073,Y
32078,Y
32080,Y
32082,Y
32083,Y
32155,Y
32156,Y
32157,Y
32184,Y
45935,Y
49528,Y
36108,Y
35602,Y
56848,Y
60717,Y
61957,Y
60688,Y
58809,Y
58801,Y
58798,Y
64975,Y
37358,Y
17649,Y
22543,Y
18200,Y
22853,Y
27218,Y
20786,Y
44770,Y
58569,Y
58617,Y
61048,Y
43287,Y
54748,Y
61341,Y
50661,Y
45782,Y
50662,Y
11239,Y
25526,Y
50680,Y
26087,Y
43371,Y
28727,Y
52514,Y
47637,Y
61336,Y
36996,Y
44826,Y
34950,Y
28194,Y
27219,Y
58334,Y
44571,Y
22755,Y
16437,Y
19119,Y
19263,Y
19132,Y
29757,Y
58328,Y
20004,Y
26109,Y
29122,Y
43873,Y
24698,Y
33334,Y
46939,Y
47592,Y
50423,Y
50436,Y
14542,Y
14635,Y
21323,Y
41458,Y
26666,Y
24519,Y
30243,Y
55737,Y
41437,Y
25717,Y
20244,Y
43315,Y
43300,Y
37015,Y
27044,Y
36598,Y
64732,Y
44730,Y
51383,Y
51861,Y
64703,Y
54502,Y
54600,Y
62465,Y
59363,Y
54494,Y
54499,Y
57273,Y
64562,Y
64574,Y
26732,Y
65001,Y
54164,Y
49740,Y
63667,Y
65002,Y
59656,Y
64751,Y
64723,Y
56348,Y
60365,Y
60360,Y
60352,Y
60354,Y
60361,Y
60353,Y
60349,Y
60355,Y
60362,Y
60351,Y
60359,Y
60363,Y
60358,Y
60356,Y
65003,Y
60350,Y
60366,Y
60364,Y
60357,Y
64836,Y
61843,Y
64561,Y
64587,Y
64594,Y
64598,Y
64604,Y
64610,Y
64937,Y
64936,Y
63765,Y
61879,Y
35062,Y
35538,Y
47290,Y
47314,Y
47384,Y
47452,Y
47480,Y
47515,Y
47520,Y
61839,Y
34728,Y
52288,Y
53506,Y
49473,Y
49520,Y
49479,Y
36380,Y
35541,Y
34276,Y
35940,Y
25206,Y
21635,Y
37684,Y
30379,Y
64134,Y
20412,Y
62780,Y
62824,Y
37701,Y
44038,Y
20449,Y
44015,Y
44914,Y
35532,Y
30085,Y
25584,Y
25207,Y
23450,Y
32855,Y
36365,Y
35491,Y
36378,Y
16984,Y
20827,Y
28509,Y
63476,Y
65011,Y
65012,Y
65013,Y
63995,Y
65014,Y
65015,Y
65016,Y
58276,Y
64911,Y
64910,Y
35461,Y
54665,Y
60031,Y
58828,Y
60041,Y
65008,Y
14147,Y
15230,Y
24459,Y
27660,Y
37423,Y
47731,Y
47785,Y
47797,Y
47814,Y
35135,Y
56782,Y
34698,Y
64745,Y
61416,Y
55983,Y
59360,Y
57562,Y
52318,Y
46353,Y
65017,Y
51511,Y
65018,Y
54118,Y
24552,Y
65020,Y
63737,Y
50642,Y
65024,Y
57958,Y
61979,Y
58321,Y
58313,Y
60246,Y
55495,Y
65037,Y
62781,Y
13429,Y
13667,Y
14311,Y
20729,Y
23412,Y
23414,Y
23421,Y
23422,Y
23429,Y
23430,Y
23796,Y
24553,Y
29081,Y
30231,Y
32636,Y
46607,Y
46608,Y
46609,Y
46610,Y
46611,Y
46612,Y
46613,Y
46614,Y
46615,Y
46616,Y
46617,Y
46618,Y
46619,Y
51513,Y
20728,Y
51552,Y
55702,Y
65026,Y
59167,Y
60049,Y
55438,Y
56707,Y
51669,Y
14584,Y
51494,Y
64926,Y
40762,Y
44945,Y
50049,Y
50169,Y
50171,Y
52395,Y
52650,Y
53910,Y
54277,Y
26180,Y
30329,Y
27335,Y
31082,Y
30929,Y
22747,Y
25629,Y
17321,Y
25506,Y
65062,Y
53390,Y
54106,Y
52144,Y
53401,Y
26299,Y
56629,Y
57203,Y
60899,Y
49415,Y
65063,Y
56631,Y
52246,Y
53754,Y
56856,Y
17194,Y
50816,Y
55038,Y
36445,Y
65064,Y
21114,Y
65065,Y
61849,Y
56872,Y
54061,Y
65040,Y
65067,Y
65066,Y
65041,Y
65046,Y
65069,Y
65070,Y
64050,Y
62552,Y
36121,Y
64384,Y
64069,Y
64078,Y
64077,Y
51250,Y
62764,Y
65042,Y
57953,Y
64042,Y
65044,Y
65039,Y
45129,Y
65027,Y
16848,Y
22038,Y
12399,Y
65005,Y
63496,Y
22421,Y
23587,Y
20074,Y
28396,Y
23597,Y
53358,Y
47981,Y
28296,Y
24763,Y
64788,Y
18391,Y
64819,Y
18390,Y
64826,Y
24854,Y
64919,Y
64806,Y
64924,Y
64809,Y
64913,Y
64814,Y
61125,Y
44047,Y
28906,Y
61240,Y
64637,Y
18245,Y
55986,Y
51720,Y
51718,Y
43669,Y
64831,Y
64830,Y
52435,Y
34394,Y
34688,Y
56733,Y
29412,Y
64646,Y
51271,Y
65072,Y
65074,Y
65075,Y
65073,Y
65076,Y
43099,Y
64692,Y
64842,Y
64845,Y
21840,Y
35655,Y
28252,Y
35653,Y
32118,Y
65108,Y
65107,Y
46375,Y
64435,Y
64553,Y
64371,Y
51500,Y
16835,Y
20005,Y
20202,Y
21498,Y
22442,Y
24260,Y
30910,Y
28186,Y
28857,Y
28979,Y
31295,Y
41488,Y
37017,Y
65109,Y
52253,Y
38260,Y
31392,Y
36610,Y
41338,Y
21782,Y
16394,Y
14129,Y
24270,Y
47708,Y
33987,Y
32117,Y
53676,Y
46266,Y
46570,Y
46866,Y
32115,Y
36039,Y
36177,Y
48918,Y
17910,Y
42200,Y
43317,Y
13562,Y
62261,Y
44030,Y
45197,Y
51283,Y
45488,Y
46500,Y
46785,Y
48869,Y
48873,Y
48879,Y
50054,Y
50055,Y
50309,Y
50447,Y
51277,Y
51278,Y
51306,Y
51571,Y
54618,Y
48666,Y
65111,Y
65113,Y
65112,Y
26498,Y
58299,Y
59834,Y
62423,Y
62431,Y
65000,Y
25129,Y
38939,Y
41337,Y
41336,Y
38938,Y
38930,Y
55432,Y
21809,Y
18043,Y
38920,Y
65116,Y
65038,Y
30890,Y
65028,Y
62014,Y
65117,Y
64912,Y
64909,Y
60678,Y
63716,Y
56849,Y
59264,Y
55331,Y
63717,Y
61345,Y
61287,Y
39191,Y
52176,Y
53313,Y
53312,Y
52478,Y
58926,Y
45056,Y
54741,Y
53247,Y
44108,Y
65057,Y
65051,Y
21348,Y
21346,Y
64938,Y
63595,Y
64939,Y
63593,Y
62989,Y
63797,Y
65022,Y
60241,Y
60187,Y
60239,Y
65148,Y
65154,Y
56343,Y
54496,Y
54497,Y
54953,Y
27353,Y
45786,Y
64860,Y
64861,Y
64869,Y
64888,Y
64900,Y
60185,Y
63645,Y
31742,Y
63712,Y
63711,Y
63644,Y
60181,Y
60175,Y
62968,Y
60235,Y
57527,Y
60173,Y
62393,Y
64943,Y
64944,Y
17812,Y
65120,Y
64946,Y
65122,Y
65150,Y
62977,Y
49642,Y
27553,Y
65163,Y
15865,Y
15152,Y
35956,Y
65128,Y
65132,Y
65137,Y
65144,Y
65145,Y
64130,Y
65138,Y
65140,Y
65141,Y
65169,Y
65139,Y
54204,Y
57021,Y
60671,Y
20250,Y
26292,Y
65097,Y
65096,Y
20217,Y
65103,Y
61143,Y
17461,Y
33806,Y
64624,Y
19294,Y
19950,Y
16751,Y
63053,Y
56007,Y
58727,Y
55682,Y
56931,Y
56586,Y
56729,Y
63068,Y
40998,Y
40999,Y
44095,Y
41072,Y
65071,Y
27597,Y
26256,Y
14140,Y
47874,Y
50709,Y
65247,Y
13600,Y
65224,Y
65225,Y
54254,Y
65223,Y
65226,Y
65227,Y
62632,Y
65238,Y
54667,Y
62163,Y
62156,Y
62161,Y
65221,Y
62145,Y
65217,Y
62144,Y
62687,Y
62135,Y
55739,Y
62130,Y
62682,Y
65159,Y
65158,Y
62629,Y
54096,Y
65239,Y
56473,Y
61875,Y
22035,Y
47070,Y
45506,Y
23919,Y
55056,Y
54108,Y
50319,Y
33208,Y
62986,Y
65252,Y
65253,Y
65255,Y
48050,Y
48054,Y
47764,Y
38701,Y
49816,Y
65091,Y
27856,Y
24617,Y
26381,Y
21238,Y
65258,Y
24713,Y
65261,Y
65264,Y
43420,Y
46277,Y
43576,Y
12890,Y
25947,Y
43577,Y
42325,Y
57244,Y
12102,Y
46152,Y
12068,Y
51175,Y
18889,Y
14160,Y
45251,Y
19917,Y
13482,Y
65266,Y
56836,Y
56837,Y
20295,Y
56835,Y
59551,Y
65209,Y
65216,Y
47228,Y
35744,Y
26802,Y
46398,Y
65257,Y
65271,Y
63615,Y
24564,Y
65288,Y
32342,Y
24734,Y
65093,Y
36782,Y
61390,Y
58135,Y
58127,Y
58144,Y
50725,Y
65316,Y
65254,Y
55685,Y
55678,Y
58079,Y
18362,Y
60197,Y
60195,Y
18874,Y
64695,Y
64986,Y
65287,Y
55055,Y
64978,Y
56149,Y
56198,Y
55090,Y
65220,Y
55109,Y
65285,Y
59241,Y
59237,Y
59628,Y
57218,Y
65330,Y
65318,Y
65319,Y
65320,Y
57476,Y
65317,Y
65246,Y
65248,Y
12398,Y
59635,Y
31603,Y
57268,Y
55054,Y
65279,Y
65280,Y
65283,Y
65245,Y
65282,Y
65244,Y
55057,Y
57762,Y
62548,Y
65333,Y
65332,Y
65334,Y
13376,Y
21626,Y
20430,Y
21639,Y
30385,Y
30721,Y
30386,Y
31650,Y
23198,Y
24789,Y
30769,Y
24919,Y
36907,Y
35529,Y
54593,Y
54355,Y
64095,Y
64802,Y
65274,Y
65273,Y
65275,Y
65277,Y
65276,Y
35673,Y
23173,Y
30984,Y
13447,Y
38482,Y
45355,Y
50227,Y
23174,Y
32490,Y
52546,Y
52519,Y
65356,Y
64019,Y
62689,Y
65119,Y
62646,Y
64015,Y
29755,Y
65232,Y
30310,Y
65250,Y
65358,Y
64011,Y
31001,Y
25272,Y
26845,Y
58055,Y
64025,Y
64037,Y
43715,Y
13450,Y
64016,Y
36426,Y
15068,Y
64106,Y
13564,Y
13727,Y
54885,Y
21497,Y
24261,Y
24400,Y
36145,Y
44763,Y
29840,Y
43701,Y
29843,Y
44814,Y
30696,Y
32505,Y
47701,Y
36985,Y
46175,Y
65314,Y
65364,Y
65313,Y
56246,Y
65366,Y
23854,Y
44018,Y
54694,Y
56314,Y
37843,Y
37414,Y
54822,Y
58148,Y
61406,Y
57491,Y
58143,Y
58139,Y
64964,Y
56493,Y
52363,Y
58827,Y
56741,Y
65355,Y
65354,Y
64940,Y
58028,Y
53056,Y
58011,Y
20914,Y
59649,Y
55960,Y
55957,Y
32725,Y
55958,Y
65270,Y
53065,Y
61121,Y
27169,Y
65382,Y
17179,Y
65388,Y
65391,Y
65389,Y
65390,Y
65387,Y
48014,Y
48012,Y
26927,Y
65386,Y
26388,Y
57500,Y
57501,Y
57543,Y
57552,Y
57577,Y
57587,Y
58083,Y
47956,Y
32395,Y
65392,Y
65393,Y
65394,Y
65395,Y
65396,Y
65397,Y
65398,Y
51433,Y
28709,Y
59809,Y
60908,Y
59502,Y
53270,Y
60919,Y
53286,Y
58070,Y
54810,Y
25249,Y
54215,Y
65400,Y
52484,Y
44893,Y
23536,Y
32500,Y
45356,Y
36713,Y
36062,Y
59905,Y
64228,Y
49501,Y
54784,Y
50155,Y
56313,Y
64260,Y
65082,Y
50075,Y
50071,Y
49648,Y
58217,Y
64853,Y
65079,Y
49558,Y
44277,Y
64787,Y
64840,Y
64700,Y
65401,Y
21063,Y
43730,Y
23849,Y
65160,Y
33526,Y
64168,Y
49643,Y
51525,Y
27714,Y
49496,Y
49503,Y
49557,Y
65059,Y
65010,Y
65023,Y
53310,Y
32858,Y
22037,Y
61511,Y
23972,Y
23818,Y
57003,Y
56976,Y
56890,Y
56991,Y
65378,Y
65379,Y
65380,Y
38689,Y
40242,Y
41393,Y
23716,Y
29178,Y
11053,Y
22472,Y
37909,Y
16671,Y
51304,Y
17727,Y
19248,Y
50966,Y
35184,Y
61611,Y
32456,Y
29223,Y
43823,Y
62432,Y
43899,Y
43784,Y
54538,Y
48973,Y
30177,Y
48393,Y
48405,Y
48396,Y
48400,Y
43777,Y
44031,Y
44858,Y
65416,Y
65419,Y
65425,Y
54041,Y
65418,Y
65422,Y
65421,Y
65426,Y
65417,Y
65423,Y
65420,Y
50048,Y
65424,Y
33766,Y
65415,Y
64566,Y
64205,Y
64581,Y
64593,Y
28839,Y
64583,Y
41366,Y
41306,Y
30629,Y
52195,Y
27467,Y
41064,Y
49613,Y
28805,Y
27250,Y
18531,Y
62281,Y
52282,Y
52150,Y
51695,Y
40560,Y
38620,Y
23559,Y
51932,Y
29879,Y
52194,Y
38338,Y
64733,Y
64991,Y
33088,Y
35896,Y
48285,Y
64714,Y
49616,Y
49500,Y
32410,Y
63486,Y
64947,Y
60515,Y
64564,Y
64569,Y
64591,Y
64596,Y
12030,Y
13678,Y
13420,Y
65033,Y
56353,Y
61842,Y
65029,Y
65430,Y
60552,Y
65286,Y
60636,Y
60543,Y
48629,Y
64029,Y
64038,Y
64031,Y
64032,Y
64036,Y
64034,Y
64035,Y
63017,Y
64040,Y
59255,Y
56460,Y
55677,Y
53634,Y
57978,Y
65442,Y
60640,Y
60664,Y
60493,Y
56792,Y
60608,Y
43716,Y
60561,Y
50248,Y
65429,Y
21680,Y
54180,Y
33789,Y
32033,Y
54679,Y
16272,Y
62593,Y
65171,Y
64864,Y
62534,Y
24098,Y
65053,Y
51032,Y
22798,Y
62410,Y
41304,Y
41305,Y
34494,Y
65077,Y
62489,Y
62602,Y
64303,Y
62483,Y
15750,Y
62254,Y
20009,Y
61569,Y
63974,Y
24353,Y
40005,Y
52086,Y
48419,Y
64376,Y
65446,Y
65445,Y
30146,Y
47849,Y
48127,Y
60570,Y
60623,Y
60628,Y
65447,Y
63696,Y
48665,Y
48708,Y
48664,Y
63509,Y
33206,Y
44494,Y
43006,Y
63517,Y
65058,Y
34060,Y
30337,Y
25410,Y
44808,Y
41195,Y
65443,Y
65444,Y
53585,Y
17886,Y
62359,Y
54335,Y
54341,Y
44850,Y
58832,Y
46334,Y
46358,Y
46675,Y
52322,Y
54291,Y
54345,Y
54525,Y
54544,Y
54562,Y
63468,Y
64983,Y
54572,Y
46350,Y
57459,Y
54942,Y
60743,Y
61768,Y
55982,Y
49397,Y
44145,Y
48854,Y
34228,Y
27867,Y
60159,Y
58906,Y
55985,Y
56565,Y
57478,Y
58860,Y
58018,Y
61127,Y
54896,Y
61868,Y
62284,Y
55525,Y
25053,Y
34202,Y
49481,Y
49628,Y
50185,Y
50876,Y
51541,Y
60648,Y
60547,Y
52691,Y
56841,Y
58670,Y
62256,Y
62772,Y
63535,Y
25026,Y
34016,Y
35642,Y
60504,Y
50916,Y
52906,Y
56437,Y
61506,Y
57135,Y
59410,Y
60580,Y
33126,Y
49603,Y
32428,Y
63354,Y
63565,Y
60574,Y
40040,Y
37766,Y
51858,Y
59918,Y
61718,Y
40769,Y
61726,Y
33386,Y
32866,Y
25000,Y
65485,Y
37553,Y
33760,Y
60557,Y
33324,Y
33123,Y
46792,Y
58226,Y
32821,Y
33402,Y
65449,Y
26623,Y
26688,Y
26690,Y
26658,Y
45912,Y
32844,Y
48279,Y
48282,Y
29059,Y
33493,Y
52077,Y
36797,Y
37650,Y
22552,Y
40256,Y
30423,Y
48200,Y
47630,Y
24086,Y
20087,Y
22943,Y
37651,Y
46453,Y
46458,Y
28358,Y
46391,Y
63630,Y
64144,Y
62555,Y
64041,Y
64455,Y
65321,Y
46983,Y
32857,Y
54334,Y
31155,Y
54332,Y
57721,Y
62399,Y
56668,Y
43000,Y
65501,Y
36696,Y
43726,Y
65502,Y
65497,Y
65498,Y
25025,Y
65499,Y
48840,Y
65500,Y
25106,Y
25042,Y
44552,Y
50277,Y
38262,Y
27866,Y
25069,Y
57725,Y
44891,Y
57727,Y
26311,Y
63497,Y
61153,Y
26450,Y
39343,Y
25611,Y
34610,Y
43612,Y
25043,Y
56527,Y
25064,Y
34611,Y
62362,Y
64169,Y
64129,Y
64127,Y
64118,Y
64141,Y
64927,Y
63152,Y
62384,Y
64154,Y
64163,Y
56487,Y
62363,Y
60426,Y
60430,Y
60429,Y
45077,Y
33121,Y
35304,Y
28209,Y
36405,Y
20886,Y
33296,Y
65504,Y
27183,Y
36861,Y
25021,Y
35812,Y
52336,Y
54884,Y
64858,Y
50459,Y
65506,Y
29060,Y
65087,Y
63551,Y
64697,Y
64269,Y
64263,Y
62786,Y
62806,Y
62842,Y
64636,Y
62847,Y
62907,Y
62908,Y
62909,Y
62995,Y
62996,Y
63089,Y
62988,Y
64639,Y
62822,Y
63035,Y
62006,Y
64730,Y
62023,Y
53525,Y
65034,Y
57595,Y
62801,Y
63568,Y
64955,Y
62178,Y
61955,Y
64969,Y
64972,Y
54077,Y
51359,Y
58602,Y
51649,Y
35863,Y
62251,Y
52022,Y
48377,Y
49478,Y
62187,Y
64916,Y
51794,Y
62208,Y
65459,Y
44880,Y
62220,Y
28208,Y
65056,Y
41087,Y
29485,Y
29606,Y
50931,Y
53329,Y
50932,Y
50219,Y
53331,Y
51055,Y
51201,Y
50730,Y
25101,Y
37272,Y
30249,Y
34459,Y
25055,Y
44002,Y
31502,Y
48109,Y
48170,Y
48111,Y
29493,Y
48177,Y
46719,Y
65510,Y
50655,Y
53032,Y
54891,Y
61197,Y
50533,Y
64737,Y
44497,Y
50551,Y
50261,Y
58015,Y
38366,Y
50657,Y
50289,Y
50264,Y
61185,Y
50613,Y
63272,Y
50137,Y
50651,Y
50682,Y
50114,Y
39549,Y
65468,Y
65469,Y
65470,Y
65471,Y
65472,Y
65473,Y
65474,Y
65475,Y
65476,Y
65477,Y
65478,Y
65479,Y
65480,Y
65481,Y
65482,Y
65483,Y
65484,Y
65486,Y
65487,Y
65488,Y
65489,Y
65490,Y
65491,Y
65492,Y
65493,Y
33879,Y
51256,Y
27048,Y
62010,Y
63498,Y
62030,Y
65461,Y
65512,Y
65463,Y
45494,Y
65513,Y
55501,Y
43351,Y
10079,Y
65511,Y
20673,Y
10966,Y
32802,Y
52467,Y
65055,Y
51727,Y
20749,Y
31420,Y
20782,Y
25221,Y
44377,Y
36803,Y
53342,Y
48046,Y
31663,Y
52937,Y
49019,Y
48043,Y
49015,Y
51716,Y
53559,Y
43835,Y
13790,Y
29296,Y
21776,Y
51726,Y
65259,Y
65249,Y
43276,Y
13881,Y
43836,Y
44043,Y
33712,Y
49599,Y
57006,Y
21740,Y
24755,Y
62323,Y
43426,Y
43253,Y
20589,Y
34443,Y
65152,Y
29608,Y
33408,Y
65462,Y
65495,Y
65114,Y
65505,Y
65507,Y
65517,Y
55970,Y
65089,Y
51267,Y
52278,Y
52488,Y
34446,Y
62324,Y
20265,Y
62603,Y
49522,Y
22940,Y
65268,Y
65365,Y
62982,Y
26691,Y
65509,Y
65508,Y
64952,Y
64977,Y
17242,Y
25894,Y
51404,Y
51403,Y
60726,Y
51725,Y
59685,Y
60727,Y
56309,Y
55969,Y
55968,Y
53577,Y
48958,Y
21158,Y
19385,Y
26896,Y
65352,Y
65350,Y
65347,Y
65353,Y
65349,Y
65351,Y
54588,Y
57868,Y
64954,Y
65115,Y
64008,Y
64007,Y
49582,Y
57241,Y
38304,Y
24296,Y
52614,Y
49581,Y
61109,Y
52628,Y
49875,Y
61058,Y
50874,Y
50101,Y
50161,Y
49530,Y
62756,Y
62755,Y
49611,Y
59104,Y
52247,Y
50080,Y
16388,Y
16818,Y
18008,Y
19231,Y
19580,Y
19588,Y
19602,Y
19604,Y
19608,Y
19619,Y
29135,Y
63503,Y
65156,Y
20065,Y
65157,Y
56852,Y
20990,Y
23446,Y
26864,Y
26866,Y
56815,Y
18203,Y
26867,Y
65524,Y
21318,Y
61574,Y
38403,Y
21373,Y
58609,Y
48650,Y
61878,Y
65331,Y
65323,Y
48624,Y
65324,Y
63050,Y
61860,Y
63014,Y
34632,Y
61861,Y
58537,Y
29801,Y
63023,Y
56466,Y
58457,Y
63328,Y
46830,Y
57613,Y
56159,Y
51268,Y
65526,Y
60982,Y
37806,Y
60979,Y
26868,Y
65527,Y
43222,Y
30266,Y
15852,Y
13280,Y
26872,Y
24759,Y
36752,Y
13560,Y
21587,Y
26873,Y
26874,Y
22060,Y
22160,Y
26875,Y
23216,Y
26876,Y
26877,Y
26878,Y
26879,Y
26886,Y
23439,Y
26893,Y
26891,Y
63741,Y
61607,Y
25291,Y
26888,Y
57991,Y
25381,Y
61816,Y
10099,Y
65534,Y
29131,Y
37399,Y
25846,Y
20467,Y
17570,Y
45243,Y
45304,Y
35619,Y
47612,Y
48480,Y
50741,Y
54566,Y
51842,Y
35738,Y
55131,Y
21571,Y
21576,Y
21583,Y
21595,Y
21604,Y
22411,Y
23155,Y
23214,Y
24699,Y
24750,Y
25337,Y
25466,Y
25599,Y
25603,Y
53391,Y
25848,Y
25880,Y
25892,Y
64706,Y
25906,Y
25909,Y
26346,Y
27300,Y
28122,Y
29117,Y
30211,Y
30226,Y
30674,Y
31482,Y
31483,Y
33084,Y
33094,Y
65544,Y
33142,Y
33184,Y
36840,Y
61054,Y
34330,Y
36291,Y
14484,Y
28898,Y
14638,Y
25096,Y
16005,Y
25097,Y
25099,Y
25098,Y
16904,Y
38439,Y
17367,Y
17923,Y
53476,Y
58113,Y
65548,Y
62526,Y
52387,Y
65555,Y
53864,Y
65559,Y
65558,Y
65545,Y
65546,Y
65547,Y
65549,Y
65550,Y
65551,Y
65552,Y
65553,Y
65554,Y
63828,Y
65556,Y
65557,Y
65092,Y
59745,Y
32196,Y
19267,Y
50689,Y
26840,Y
58660,Y
54485,Y
54487,Y
41496,Y
41403,Y
58140,Y
41322,Y
41497,Y
54626,Y
41387,Y
56645,Y
43241,Y
41249,Y
40257,Y
41311,Y
48852,Y
41319,Y
41313,Y
45634,Y
41323,Y
41317,Y
40822,Y
43044,Y
40829,Y
40815,Y
40812,Y
65118,Y
12899,Y
32322,Y
34878,Y
49013,Y
19260,Y
49461,Y
65561,Y
65560,Y
61421,Y
53353,Y
53352,Y
53345,Y
53343,Y
53344,Y
45161,Y
26989,Y
65563,Y
53410,Y
64619,Y
59361,Y
52683,Y
52685,Y
65372,Y
65102,Y
64846,Y
64072,Y
64068,Y
64057,Y
52690,Y
59368,Y
14079,Y
32958,Y
48125,Y
38249,Y
16030,Y
64201,Y
64298,Y
64299,Y
64200,Y
65375,Y
65376,Y
17349,Y
17350,Y
23182,Y
63759,Y
35112,Y
52493,Y
61585,Y
60963,Y
61130,Y
61108,Y
62186,Y
61199,Y
61312,Y
61558,Y
63552,Y
61498,Y
57573,Y
57572,Y
53690,Y
54860,Y
54869,Y
54871,Y
53695,Y
54857,Y
53693,Y
54856,Y
54854,Y
54867,Y
54868,Y
54870,Y
53421,Y
65538,Y
65540,Y
65525,Y
65535,Y
65539,Y
57921,Y
64231,Y
51255,Y
17755,Y
51714,Y
17343,Y
65566,Y
64049,Y
61576,Y
65565,Y
58870,Y
29174,Y
26797,Y
35451,Y
47721,Y
31348,Y
51672,Y
31261,Y
51939,Y
50050,Y
65377,Y
44262,Y
51166,Y
51754,Y
37635,Y
56274,Y
56256,Y
52913,Y
26015,Y
43909,Y
17150,Y
65541,Y
56520,Y
16444,Y
29730,Y
42538,Y
42537,Y
42536,Y
42535,Y
42534,Y
42540,Y
22356,Y
64609,Y
42533,Y
17036,Y
48402,Y
47257,Y
61927,Y
22821,Y
42531,Y
65298,Y
65289,Y
65307,Y
65293,Y
65297,Y
65301,Y
65305,Y
65299,Y
42530,Y
32148,Y
52013,Y
42528,Y
42529,Y
42527,Y
42526,Y
42525,Y
42524,Y
42523,Y
42522,Y
65573,Y
44282,Y
31576,Y
31571,Y
46900,Y
46901,Y
36812,Y
42624,Y
48116,Y
24769,Y
41335,Y
65304,Y
65453,Y
65457,Y
65456,Y
20906,Y
34985,Y
29314,Y
65598,Y
65599,Y
58068,Y
48999,Y
41333,Y
61513,Y
62620,Y
28640,Y
48987,Y
65622,Y
34717,Y
65623,Y
65624,Y
55799,Y
15709,Y
54976,Y
54972,Y
54974,Y
24121,Y
16812,Y
35527,Y
37838,Y
35522,Y
34415,Y
30194,Y
65587,Y
63465,Y
65591,Y
13670,Y
62445,Y
18160,Y
61509,Y
65098,Y
64494,Y
64489,Y
65567,Y
65568,Y
65677,Y
65678,Y
48565,Y
64086,Y
61690,Y
65679,Y
31396,Y
65617,Y
65612,Y
40041,Y
29362,Y
44759,Y
56178,Y
65359,Y
65360,Y
65361,Y
65700,Y
65362,Y
62138,Y
65703,Y
65704,Y
13223,Y
28885,Y
13027,Y
13373,Y
28380,Y
62398,Y
65705,Y
39620,Y
65025,Y
65032,Y
65045,Y
65050,Y
65593,Y
65597,Y
65604,Y
56345,Y
57941,Y
54492,Y
45986,Y
65710,Y
60237,Y
54602,Y
48750,Y
48418,Y
48420,Y
48425,Y
49097,Y
49091,Y
49095,Y
49100,Y
43829,Y
48383,Y
51654,Y
51658,Y
48424,Y
47722,Y
49093,Y
48748,Y
23419,Y
43673,Y
47031,Y
47532,Y
47530,Y
47439,Y
47294,Y
47244,Y
47410,Y
47352,Y
47291,Y
30076,Y
47284,Y
17883,Y
47275,Y
40324,Y
52260,Y
32405,Y
47313,Y
32552,Y
43206,Y
24577,Y
40312,Y
52153,Y
31808,Y
26321,Y
25512,Y
19724,Y
26182,Y
31397,Y
40811,Y
43038,Y
40618,Y
13048,Y
55696,Y
60082,Y
53070,Y
53061,Y
54514,Y
55098,Y
65644,Y
21350,Y
65716,Y
65569,Y
65727,Y
65728,Y
62611,Y
13671,Y
16847,Y
61510,Y
33198,Y
60268,Y
62207,Y
60267,Y
60258,Y
60477,Y
51888,Y
50133,Y
31581,Y
34319,Y
34438,Y
34716,Y
34650,Y
49518,Y
38600,Y
40308,Y
26909,Y
26902,Y
54312,Y
54134,Y
35764,Y
15808,Y
53961,Y
64984,Y
60322,Y
63657,Y
47757,Y
47756,Y
47754,Y
47755,Y
53561,Y
46795,Y
53562,Y
46410,Y
32795,Y
53563,Y
53564,Y
53565,Y
53566,Y
53567,Y
53568,Y
53569,Y
53588,Y
55028,Y
55029,Y
55307,Y
53592,Y
53590,Y
53587,Y
53591,Y
30614,Y
21089,Y
55027,Y
55030,Y
53589,Y
55032,Y
55031,Y
53586,Y
58381,Y
58380,Y
58379,Y
58378,Y
58377,Y
58376,Y
58375,Y
58374,Y
58373,Y
58372,Y
58371,Y
58370,Y
58368,Y
58367,Y
58366,Y
58365,Y
58364,Y
58363,Y
58361,Y
58360,Y
58358,Y
58357,Y
58356,Y
61152,Y
60931,Y
19362,Y
65731,Y
60315,Y
48020,Y
61737,Y
65733,Y
17141,Y
59728,Y
65601,Y
61042,Y
65605,Y
60951,Y
61037,Y
62096,Y
60935,Y
37736,Y
43776,Y
34414,Y
62405,Y
23160,Y
34227,Y
30336,Y
35742,Y
45795,Y
25340,Y
37398,Y
16805,Y
43062,Y
11209,Y
43087,Y
58623,Y
34145,Y
18378,Y
25546,Y
26813,Y
51273,Y
52468,Y
64266,Y
46248,Y
62073,Y
51936,Y
40879,Y
15584,Y
16953,Y
44063,Y
46252,Y
40771,Y
46260,Y
46229,Y
46222,Y
20996,Y
33085,Y
46234,Y
46530,Y
21315,Y
46246,Y
41283,Y
19810,Y
24566,Y
65049,Y
35825,Y
63530,Y
53254,Y
19586,Y
46528,Y
46245,Y
46243,Y
46238,Y
46544,Y
46543,Y
19905,Y
50719,Y
54832,Y
59110,Y
65660,Y
65661,Y
65659,Y
65675,Y
65662,Y
65665,Y
65663,Y
65669,Y
65668,Y
65667,Y
65670,Y
65673,Y
63441,Y
65676,Y
65664,Y
65671,Y
55791,Y
52151,Y
65672,Y
54551,Y
54102,Y
38525,Y
63083,Y
63150,Y
65653,Y
56320,Y
32235,Y
54676,Y
65348,Y
65738,Y
65740,Y
65742,Y
63830,Y
65735,Y
54531,Y
65741,Y
65734,Y
14179,Y
45964,Y
13758,Y
57247,Y
65736,Y
53314,Y
65374,Y
25236,Y
16511,Y
53895,Y
62316,Y
65383,Y
63285,Y
65385,Y
64004,Y
63103,Y
53136,Y
62315,Y
62429,Y
31386,Y
43273,Y
55687,Y
64724,Y
58445,Y
54156,Y
55344,Y
55414,Y
53994,Y
64790,Y
65048,Y
54035,Y
46674,Y
57134,Y
21083,Y
19244,Y
61155,Y
26986,Y
54140,Y
43685,Y
48448,Y
48443,Y
53823,Y
63596,Y
54055,Y
62991,Y
24122,Y
64974,Y
43513,Y
49476,Y
60548,Y
60550,Y
15035,Y
60653,Y
60632,Y
60657,Y
60840,Y
59598,Y
60514,Y
60634,Y
60655,Y
60524,Y
30241,Y
60590,Y
60529,Y
60540,Y
60535,Y
60586,Y
60534,Y
60500,Y
60588,Y
27142,Y
26257,Y
49282,Y
49604,Y
49606,Y
52048,Y
52049,Y
52050,Y
52060,Y
52098,Y
27459,Y
52196,Y
52284,Y
47905,Y
35894,Y
49598,Y
36271,Y
65610,Y
65218,Y
52557,Y
49203,Y
49230,Y
49200,Y
49190,Y
52551,Y
22073,Y
38072,Y
61715,Y
43840,Y
52243,Y
49577,Y
50908,Y
50810,Y
65706,Y
62757,Y
51232,Y
50870,Y
65768,Y
55449,Y
36058,Y
40175,Y
29033,Y
31802,Y
41462,Y
65769,Y
65577,Y
65595,Y
65779,Y
65780,Y
58627,Y
55459,Y
56539,Y
56776,Y
52767,Y
59086,Y
56288,Y
34720,Y
53947,Y
57245,Y
53943,Y
40831,Y
53848,Y
34747,Y
34736,Y
65043,Y
32397,Y
35031,Y
41385,Y
56687,Y
63618,Y
56924,Y
60078,Y
59500,Y
52711,Y
48976,Y
58493,Y
58471,Y
47389,Y
45966,Y
12171,Y
41483,Y
43740,Y
44319,Y
41486,Y
43266,Y
65729,Y
16441,Y
45198,Y
32799,Y
65681,Y
30838,Y
63112,Y
52935,Y
36947,Y
55102,Y
57286,Y
56901,Y
54253,Y
21983,Y
32611,Y
12400,Y
65767,Y
65770,Y
65771,Y
65772,Y
65773,Y
17136,Y
54927,Y
54964,Y
57229,Y
59871,Y
48178,Y
63633,Y
65802,Y
54812,Y
60036,Y
53496,Y
52899,Y
52905,Y
52897,Y
52902,Y
60936,Y
65155,Y
53260,Y
63635,Y
65625,Y
65626,Y
65627,Y
65628,Y
65629,Y
65630,Y
65631,Y
65632,Y
65633,Y
65635,Y
65636,Y
65637,Y
65638,Y
65639,Y
65641,Y
65643,Y
20894,Y
20877,Y
65759,Y
65760,Y
65761,Y
65762,Y
65763,Y
65764,Y
65765,Y
41125,Y
65576,Y
44106,Y
57850,Y
60205,Y
27583,Y
60213,Y
46896,Y
52866,Y
46903,Y
46898,Y
59295,Y
57766,Y
55111,Y
60252,Y
64951,Y
57484,Y
57495,Y
65804,Y
57966,Y
41468,Y
47388,Y
12907,Y
38149,Y
65755,Y
44991,Y
43778,Y
65822,Y
40834,Y
19335,Y
54895,Y
57447,Y
59743,Y
59347,Y
19690,Y
43088,Y
44137,Y
46837,Y
56873,Y
62542,Y
61834,Y
65149,Y
65146,Y
65790,Y
65792,Y
65794,Y
58008,Y
55953,Y
65823,Y
61586,Y
58650,Y
56784,Y
63192,Y
53522,Y
53497,Y
35753,Y
61451,Y
59417,Y
36089,Y
53950,Y
58657,Y
53957,Y
65826,Y
29258,Y
65095,Y
65827,Y
65341,Y
65830,Y
53966,Y
59854,Y
58662,Y
63154,Y
28457,Y
65833,Y
63399,Y
63402,Y
63391,Y
63400,Y
63424,Y
63392,Y
63374,Y
63386,Y
63427,Y
63385,Y
63423,Y
63376,Y
63419,Y
63375,Y
63372,Y
65840,Y
16375,Y
11354,Y
43019,Y
29091,Y
41069,Y
53727,Y
42743,Y
23557,Y
53307,Y
52379,Y
52380,Y
53813,Y
60300,Y
27536,Y
28822,Y
38244,Y
65849,Y
64535,Y
65851,Y
46298,Y
13571,Y
18110,Y
18112,Y
18115,Y
37933,Y
61684,Y
51150,Y
60380,Y
53028,Y
50789,Y
51781,Y
53750,Y
30453,Y
49795,Y
51007,Y
53808,Y
35114,Y
65714,Y
43166,Y
22097,Y
40132,Y
35093,Y
61817,Y
56384,Y
53887,Y
47576,Y
56606,Y
56610,Y
61270,Y
50914,Y
19824,Y
19776,Y
20279,Y
19334,Y
19339,Y
57800,Y
53362,Y
53360,Y
47524,Y
47476,Y
47465,Y
47473,Y
47434,Y
47427,Y
47408,Y
47171,Y
47417,Y
47241,Y
47266,Y
30375,Y
17105,Y
45037,Y
47525,Y
47523,Y
47516,Y
47517,Y
47513,Y
47509,Y
47500,Y
47497,Y
47477,Y
47482,Y
47487,Y
47469,Y
47435,Y
47454,Y
43782,Y
10186,Y
44484,Y
36502,Y
44502,Y
25851,Y
44190,Y
30166,Y
51217,Y
51504,Y
52206,Y
51222,Y
51236,Y
36707,Y
51534,Y
52175,Y
26179,Y
24639,Y
30616,Y
40763,Y
54922,Y
54921,Y
55231,Y
55223,Y
55139,Y
55137,Y
55135,Y
57699,Y
57700,Y
57701,Y
57702,Y
57703,Y
46600,Y
46599,Y
38298,Y
46597,Y
34775,Y
39074,Y
39062,Y
48408,Y
49094,Y
51661,Y
49096,Y
30284,Y
61544,Y
34266,Y
61571,Y
61291,Y
35783,Y
61572,Y
30593,Y
61948,Y
61545,Y
61195,Y
61467,Y
31907,Y
20169,Y
20540,Y
11277,Y
23667,Y
26250,Y
62047,Y
62035,Y
62048,Y
62050,Y
62013,Y
62008,Y
61995,Y
62036,Y
62043,Y
65454,Y
61994,Y
61492,Y
62051,Y
62037,Y
61614,Y
61629,Y
61628,Y
61638,Y
61640,Y
61642,Y
61649,Y
65616,Y
65614,Y
65618,Y
26670,Y
20936,Y
20881,Y
25416,Y
44317,Y
65363,Y
65857,Y
65858,Y
65859,Y
50470,Y
54491,Y
62360,Y
65863,Y
29123,Y
28873,Y
24258,Y
38017,Y
45888,Y
44314,Y
38258,Y
44992,Y
41491,Y
27055,Y
46176,Y
43265,Y
42839,Y
35453,Y
45968,Y
23582,Y
65864,Y
65866,Y
65867,Y
53471,Y
37895,Y
29095,Y
37378,Y
13117,Y
46206,Y
63364,Y
65850,Y
52314,Y
27687,Y
48307,Y
65844,Y
51237,Y
48326,Y
48337,Y
65786,Y
48352,Y
48328,Y
48327,Y
50646,Y
24650,Y
50352,Y
49634,Y
63067,Y
58812,Y
19083,Y
65895,Y
43468,Y
43455,Y
49987,Y
49887,Y
50027,Y
49979,Y
50031,Y
49927,Y
49999,Y
58803,Y
50002,Y
65680,Y
43406,Y
57894,Y
62502,Y
62819,Y
64756,Y
65848,Y
61573,Y
42563,Y
40002,Y
34793,Y
36843,Y
37524,Y
35214,Y
21213,Y
34312,Y
17164,Y
22134,Y
19096,Y
19098,Y
19761,Y
21393,Y
32685,Y
15281,Y
43788,Y
32646,Y
21992,Y
31136,Y
21991,Y
44136,Y
21205,Y
24027,Y
31065,Y
33186,Y
32151,Y
36353,Y
51788,Y
17658,Y
31472,Y
19765,Y
19719,Y
37459,Y
33185,Y
14813,Y
65854,Y
57903,Y
63153,Y
63148,Y
65803,Y
65785,Y
63166,Y
63196,Y
65808,Y
65905,Y
18915,Y
13285,Y
29668,Y
11240,Y
13289,Y
45490,Y
38638,Y
48874,Y
48877,Y
60214,Y
43353,Y
47198,Y
43628,Y
36376,Y
23448,Y
38171,Y
43035,Y
36241,Y
21135,Y
12725,Y
32632,Y
25460,Y
25844,Y
37090,Y
29210,Y
19987,Y
65698,Y
50466,Y
28877,Y
50337,Y
24357,Y
60427,Y
62379,Y
60428,Y
63058,Y
63061,Y
56175,Y
56225,Y
65843,Y
56169,Y
56199,Y
56168,Y
56167,Y
47723,Y
49090,Y
31937,Y
60685,Y
45879,Y
55351,Y
48698,Y
47796,Y
47783,Y
25281,Y
13779,Y
13775,Y
54120,Y
54235,Y
54257,Y
54661,Y
54662,Y
65329,Y
54067,Y
65564,Y
63090,Y
54858,Y
61237,Y
54866,Y
62495,Y
57585,Y
57574,Y
58678,Y
60348,Y
19649,Y
57578,Y
57379,Y
53659,Y
65908,Y
59095,Y
60955,Y
65936,Y
45625,Y
18388,Y
31881,Y
56113,Y
65906,Y
65907,Y
65894,Y
60270,Y
60926,Y
28954,Y
44205,Y
28964,Y
45853,Y
45396,Y
52600,Y
12553,Y
28955,Y
48900,Y
46347,Y
54174,Y
50800,Y
27529,Y
13215,Y
59280,Y
41235,Y
48515,Y
48518,Y
48516,Y
48511,Y
48513,Y
48508,Y
48507,Y
48506,Y
33388,Y
24406,Y
33553,Y
33753,Y
36656,Y
40505,Y
36784,Y
34333,Y
19756,Y
24910,Y
22351,Y
32999,Y
48810,Y
48820,Y
48822,Y
48815,Y
48818,Y
48816,Y
48801,Y
48802,Y
48800,Y
48821,Y
48819,Y
48805,Y
48814,Y
15563,Y
15542,Y
33044,Y
33830,Y
36591,Y
14420,Y
33556,Y
48812,Y
48813,Y
48807,Y
48806,Y
48799,Y
48809,Y
18237,Y
48804,Y
48811,Y
48817,Y
40498,Y
49378,Y
66156,Y
52544,Y
52542,Y
53904,Y
52555,Y
65989,Y
52540,Y
52547,Y
22012,Y
64931,Y
43678,Y
25373,Y
61502,Y
62645,Y
62644,Y
28652,Y
63295,Y
43697,Y
16589,Y
28369,Y
35096,Y
62314,Y
30304,Y
59713,Y
63474,Y
55407,Y
59262,Y
56880,Y
60686,Y
53505,Y
61550,Y
19293,Y
17846,Y
52294,Y
19297,Y
20385,Y
22099,Y
44357,Y
44178,Y
34239,Y
61548,Y
57792,Y
57594,Y
57791,Y
42761,Y
57592,Y
57590,Y
64062,Y
65717,Y
59325,Y
59323,Y
31194,Y
65711,Y
65047,Y
31235,Y
21302,Y
25964,Y
43820,Y
36542,Y
63634,Y
59318,Y
59312,Y
59317,Y
59310,Y
51167,Y
35990,Y
64770,Y
38545,Y
64769,Y
66140,Y
63307,Y
63308,Y
63311,Y
47714,Y
47686,Y
15953,Y
47707,Y
19914,Y
53663,Y
53810,Y
61168,Y
61301,Y
54117,Y
56150,Y
22827,Y
57652,Y
56084,Y
58419,Y
60956,Y
61200,Y
12110,Y
61162,Y
60848,Y
61156,Y
18600,Y
61247,Y
14888,Y
41463,Y
41376,Y
66162,Y
66161,Y
66159,Y
66160,Y
66163,Y
40774,Y
40743,Y
41099,Y
30043,Y
40814,Y
40816,Y
40747,Y
40819,Y
35468,Y
44429,Y
28585,Y
28582,Y
28382,Y
28831,Y
39786,Y
25308,Y
56298,Y
14855,Y
59412,Y
46985,Y
51947,Y
52224,Y
46802,Y
35767,Y
46301,Y
29746,Y
58791,Y
48978,Y
54542,Y
65715,Y
59657,Y
59648,Y
44995,Y
45841,Y
52028,Y
45842,Y
51987,Y
61966,Y
54672,Y
21648,Y
34053,Y
66184,Y
51905,Y
51587,Y
50399,Y
66186,Y
65796,Y
65683,Y
22567,Y
26699,Y
48001,Y
48004,Y
39946,Y
38585,Y
42205,Y
39975,Y
46205,Y
33574,Y
39992,Y
30048,Y
39976,Y
28872,Y
28153,Y
48011,Y
66191,Y
66190,Y
54929,Y
58796,Y
54721,Y
16097,Y
28647,Y
12723,Y
56189,Y
56180,Y
56188,Y
56221,Y
56220,Y
56190,Y
62839,Y
64276,Y
59737,Y
56200,Y
56177,Y
56196,Y
16299,Y
50298,Y
57853,Y
57848,Y
57841,Y
57854,Y
61314,Y
49595,Y
60503,Y
65685,Y
66214,Y
66201,Y
66209,Y
66205,Y
66202,Y
66207,Y
66200,Y
66206,Y
51993,Y
55346,Y
38048,Y
33320,Y
54298,Y
61507,Y
61501,Y
66150,Y
19340,Y
65893,Y
48878,Y
56538,Y
55332,Y
61163,Y
65745,Y
53287,Y
66227,Y
54058,Y
62118,Y
61184,Y
66225,Y
62606,Y
66157,Y
54642,Y
54645,Y
54644,Y
54643,Y
54640,Y
54596,Y
54584,Y
53208,Y
52831,Y
52819,Y
21143,Y
22025,Y
24569,Y
65929,Y
16605,Y
60992,Y
28776,Y
13250,Y
63428,Y
45365,Y
61251,Y
34434,Y
66232,Y
66233,Y
58833,Y
20151,Y
54577,Y
16834,Y
66180,Y
66178,Y
66177,Y
66176,Y
44879,Y
34449,Y
52853,Y
55478,Y
33134,Y
32161,Y
60962,Y
17285,Y
32492,Y
19283,Y
44913,Y
35111,Y
17038,Y
30107,Y
28890,Y
51739,Y
29244,Y
61947,Y
40238,Y
38538,Y
59874,Y
16203,Y
16204,Y
16058,Y
17039,Y
19090,Y
19086,Y
16060,Y
16455,Y
66235,Y
66236,Y
66237,Y
66238,Y
66239,Y
66240,Y
66244,Y
66241,Y
66242,Y
66243,Y
66253,Y
66245,Y
66246,Y
66247,Y
66248,Y
66249,Y
66250,Y
66251,Y
66252,Y
21568,Y
43799,Y
66254,Y
66148,Y
61774,Y
61332,Y
61264,Y
66256,Y
26842,Y
24598,Y
45052,Y
34054,Y
44590,Y
47558,Y
62480,Y
63127,Y
43830,Y
66257,Y
53710,Y
44834,Y
41299,Y
61040,Y
45162,Y
32558,Y
54745,Y
43684,Y
63126,Y
26786,Y
17775,Y
15767,Y
30044,Y
63129,Y
47560,Y
54750,Y
50688,Y
50687,Y
50684,Y
50678,Y
47561,Y
50670,Y
50669,Y
52980,Y
53481,Y
63580,Y
53473,Y
58103,Y
48584,Y
20623,Y
43809,Y
19881,Y
19134,Y
47565,Y
44394,Y
33187,Y
42819,Y
42212,Y
19256,Y
14972,Y
25220,Y
28170,Y
33216,Y
32268,Y
16433,Y
25447,Y
24621,Y
66229,Y
66230,Y
63501,Y
53881,Y
34734,Y
54846,Y
55462,Y
61605,Y
62435,Y
66284,Y
57775,Y
57477,Y
65496,Y
54954,Y
32425,Y
37644,Y
56584,Y
39979,Y
44940,Y
43311,Y
33180,Y
37711,Y
59356,Y
66297,Y
28900,Y
11530,Y
51561,Y
65775,Y
19666,Y
65776,Y
65777,Y
66305,Y
66308,Y
66310,Y
66309,Y
66312,Y
66306,Y
66307,Y
66311,Y
66304,Y
66313,Y
21335,Y
53812,Y
65686,Y
65687,Y
65688,Y
65689,Y
61697,Y
66345,Y
66346,Y
60233,Y
46263,Y
21631,Y
49697,Y
51189,Y
41424,Y
66355,Y
46872,Y
46268,Y
52417,Y
46873,Y
27533,Y
46875,Y
26782,Y
46274,Y
47203,Y
27449,Y
66357,Y
51865,Y
22704,Y
47211,Y
47206,Y
48488,Y
47205,Y
60216,Y
66266,Y
66267,Y
66274,Y
66272,Y
23746,Y
13680,Y
66273,Y
12028,Y
27851,Y
15621,Y
43281,Y
37846,Y
36053,Y
66258,Y
51510,Y
61858,Y
18799,Y
43956,Y
51215,Y
22295,Y
43810,Y
65855,Y
65592,Y
66281,Y
34856,Y
26765,Y
65834,Y
58138,Y
58405,Y
66228,Y
14721,Y
18400,Y
66193,Y
48970,Y
48967,Y
66194,Y
47219,Y
52712,Y
48454,Y
66048,Y
66341,Y
66331,Y
66323,Y
66324,Y
66342,Y
66327,Y
66343,Y
66328,Y
66321,Y
66335,Y
66322,Y
66318,Y
66330,Y
66332,Y
66329,Y
66333,Y
66334,Y
66320,Y
66326,Y
66319,Y
66325,Y
64772,Y
62827,Y
63130,Y
63903,Y
20325,Y
39753,Y
20327,Y
20326,Y
66183,Y
66175,Y
66179,Y
66314,Y
66234,Y
44985,Y
45327,Y
17185,Y
51681,Y
47618,Y
47619,Y
32315,Y
47850,Y
35001,Y
47657,Y
47651,Y
62628,Y
47649,Y
47648,Y
47643,Y
47642,Y
47621,Y
63297,Y
46662,Y
51479,Y
23799,Y
35984,Y
16373,Y
48293,Y
56964,Y
56898,Y
21796,Y
51221,Y
66387,Y
51471,Y
49172,Y
35649,Y
50738,Y
52818,Y
57758,Y
33352,Y
49176,Y
17789,Y
49169,Y
38266,Y
57070,Y
60250,Y
56233,Y
66428,Y
46281,Y
36171,Y
63639,Y
63636,Y
66133,Y
66431,Y
65754,Y
59759,Y
27953,Y
48113,Y
28892,Y
58326,Y
52716,Y
57869,Y
57454,Y
58849,Y
58866,Y
66277,Y
58855,Y
54568,Y
54243,Y
55840,Y
52089,Y
25251,Y
66432,Y
52647,Y
37420,Y
63905,Y
56912,Y
46648,Y
47190,Y
27940,Y
46987,Y
47193,Y
46645,Y
49699,Y
49738,Y
34885,Y
47039,Y
27581,Y
33653,Y
46572,Y
46285,Y
28876,Y
48453,Y
59126,Y
58937,Y
59830,Y
66436,Y
66340,Y
66442,Y
66440,Y
61009,Y
66454,Y
66443,Y
66444,Y
34959,Y
66456,Y
47667,Y
66465,Y
66466,Y
66467,Y
66438,Y
66449,Y
66450,Y
66451,Y
66452,Y
66453,Y
52940,Y
65410,Y
33802,Y
66290,Y
66425,Y
61176,Y
61238,Y
51456,Y
22578,Y
21665,Y
47918,Y
66457,Y
66458,Y
66459,Y
66460,Y
66461,Y
66462,Y
60626,Y
60649,Y
60591,Y
66376,Y
66378,Y
66373,Y
66382,Y
66381,Y
66380,Y
66370,Y
66379,Y
54755,Y
66468,Y
30193,Y
52335,Y
24044,Y
50340,Y
50341,Y
50342,Y
38356,Y
50348,Y
50346,Y
27021,Y
50353,Y
50354,Y
50355,Y
50356,Y
50357,Y
50358,Y
29656,Y
49633,Y
50359,Y
25389,Y
66375,Y
34807,Y
66469,Y
66470,Y
50343,Y
50344,Y
66377,Y
66433,Y
57066,Y
27703,Y
54604,Y
20997,Y
35084,Y
57303,Y
18928,Y
31091,Y
43795,Y
66496,Y
66497,Y
66498,Y
66499,Y
56392,Y
66502,Y
54777,Y
66501,Y
62330,Y
53303,Y
56385,Y
62391,Y
66489,Y
66490,Y
31041,Y
64519,Y
66503,Y
66504,Y
66505,Y
66477,Y
56840,Y
61990,Y
58025,Y
60914,Y
35083,Y
40823,Y
40828,Y
42941,Y
40821,Y
41390,Y
40826,Y
43160,Y
40742,Y
40820,Y
40818,Y
40824,Y
20415,Y
28814,Y
43231,Y
29424,Y
17619,Y
27244,Y
25180,Y
43397,Y
30630,Y
27182,Y
29062,Y
44313,Y
30345,Y
63919,Y
58544,Y
66024,Y
66507,Y
61844,Y
66026,Y
66128,Y
66106,Y
66508,Y
66076,Y
13585,Y
66049,Y
66015,Y
66017,Y
66510,Y
66511,Y
66512,Y
58069,Y
66513,Y
66514,Y
54079,Y
59934,Y
66520,Y
57220,Y
62017,Y
57458,Y
66473,Y
60563,Y
60600,Y
66526,Y
60522,Y
56718,Y
28940,Y
14579,Y
28332,Y
46148,Y
43942,Y
61915,Y
66530,Y
35141,Y
66532,Y
61029,Y
61025,Y
53797,Y
54872,Y
54054,Y
50194,Y
15537,Y
42828,Y
36975,Y
20392,Y
32788,Y
44250,Y
51463,Y
28679,Y
34206,Y
31399,Y
24311,Y
60387,Y
50263,Y
60386,Y
23103,Y
50607,Y
60393,Y
22982,Y
17404,Y
50772,Y
30464,Y
50601,Y
56665,Y
56704,Y
59215,Y
14398,Y
53807,Y
66534,Y
56699,Y
50944,Y
44545,Y
56667,Y
27439,Y
26766,Y
61862,Y
61859,Y
61888,Y
24102,Y
62288,Y
62333,Y
62422,Y
62286,Y
62287,Y
62482,Y
62531,Y
62591,Y
61857,Y
62598,Y
62599,Y
62601,Y
62958,Y
62960,Y
63134,Y
63135,Y
62143,Y
17006,Y
60467,Y
66138,Y
60464,Y
24073,Y
32286,Y
32550,Y
37506,Y
29207,Y
31632,Y
25356,Y
21014,Y
53521,Y
66538,Y
66536,Y
66537,Y
56101,Y
59864,Y
60746,Y
57460,Y
57341,Y
43252,Y
52487,Y
38230,Y
46992,Y
59326,Y
41056,Y
41082,Y
41058,Y
51742,Y
50150,Y
50757,Y
51645,Y
50300,Y
66525,Y
66521,Y
66485,Y
61201,Y
32884,Y
28953,Y
11310,Y
61325,Y
18888,Y
53822,Y
61015,Y
57250,Y
53809,Y
57254,Y
18768,Y
59838,Y
58896,Y
58899,Y
62950,Y
59840,Y
59842,Y
59843,Y
58895,Y
62478,Y
59845,Y
63001,Y
59846,Y
63713,Y
62136,Y
59848,Y
59850,Y
66493,Y
50109,Y
49477,Y
66542,Y
17980,Y
66541,Y
48876,Y
48875,Y
48871,Y
48881,Y
48872,Y
43264,Y
50045,Y
50051,Y
50053,Y
50118,Y
18907,Y
38628,Y
50120,Y
44318,Y
29662,Y
43398,Y
50310,Y
50312,Y
50445,Y
66550,Y
66549,Y
66552,Y
66560,Y
54053,Y
64857,Y
66561,Y
66562,Y
65814,Y
64841,Y
66539,Y
66563,Y
66564,Y
66566,Y
66565,Y
54696,Y
62690,Y
54695,Y
62206,Y
62716,Y
66482,Y
47852,Y
47853,Y
47854,Y
31953,Y
47937,Y
47961,Y
48162,Y
48163,Y
48234,Y
48236,Y
48412,Y
48468,Y
48469,Y
48471,Y
48581,Y
48583,Y
48714,Y
48835,Y
48836,Y
48837,Y
49435,Y
50879,Y
51586,Y
51588,Y
51584,Y
51990,Y
51991,Y
52598,Y
52599,Y
17509,Y
26799,Y
35845,Y
23432,Y
35534,Y
47343,Y
47529,Y
47526,Y
47521,Y
47519,Y
47518,Y
47514,Y
47512,Y
47496,Y
47463,Y
47466,Y
47437,Y
47438,Y
47451,Y
47306,Y
47405,Y
44721,Y
49511,Y
13629,Y
35492,Y
29866,Y
47326,Y
37700,Y
18971,Y
47455,Y
47286,Y
31649,Y
36394,Y
36367,Y
43503,Y
24788,Y
26746,Y
51825,Y
22179,Y
60892,Y
22836,Y
35049,Y
26678,Y
66570,Y
18836,Y
14141,Y
21611,Y
32719,Y
61943,Y
54293,Y
66474,Y
66494,Y
66445,Y
60538,Y
34012,Y
18209,Y
60511,Y
60531,Y
60652,Y
28095,Y
31698,Y
26132,Y
41194,Y
66491,Y
66360,Y
66529,Y
66580,Y
16431,Y
43342,Y
37478,Y
66393,Y
66394,Y
66395,Y
66397,Y
66398,Y
66399,Y
66400,Y
51746,Y
51744,Y
50037,Y
50005,Y
61985,Y
50023,Y
61982,Y
49984,Y
66586,Y
66588,Y
66589,Y
66590,Y
53349,Y
62409,Y
13248,Y
66404,Y
64897,Y
58588,Y
56795,Y
64874,Y
65721,Y
66576,Y
66574,Y
66582,Y
66573,Y
21779,Y
23683,Y
14173,Y
11283,Y
66619,Y
28321,Y
46267,Y
46286,Y
46293,Y
46979,Y
46986,Y
51864,Y
62981,Y
63330,Y
66669,Y
66671,Y
66672,Y
66673,Y
49715,Y
66678,Y
66676,Y
66677,Y
56389,Y
65450,Y
66479,Y
20208,Y
51760,Y
55420,Y
66683,Y
56678,Y
45070,Y
50942,Y
43269,Y
66696,Y
14608,Y
40187,Y
54655,Y
66697,Y
66698,Y
65219,Y
66699,Y
64531,Y
64511,Y
64306,Y
64507,Y
64509,Y
64520,Y
57788,Y
17058,Y
51917,Y
51916,Y
57231,Y
20348,Y
17005,Y
56094,Y
35787,Y
27289,Y
57169,Y
63212,Y
63264,Y
63243,Y
63244,Y
63228,Y
63213,Y
63216,Y
49206,Y
53662,Y
35168,Y
61656,Y
61991,Y
38598,Y
62241,Y
31971,Y
23933,Y
66713,Y
66716,Y
66547,Y
66555,Y
66609,Y
66567,Y
66568,Y
66597,Y
66648,Y
66630,Y
66657,Y
66654,Y
66670,Y
66622,Y
66644,Y
57213,Y
66687,Y
66694,Y
66684,Y
66689,Y
65634,Y
65724,Y
66686,Y
66688,Y
66691,Y
66721,Y
58868,Y
58858,Y
17653,Y
58464,Y
58923,Y
56435,Y
56300,Y
66718,Y
60073,Y
56827,Y
58501,Y
56882,Y
56443,Y
66722,Y
66224,Y
66723,Y
48452,Y
62840,Y
48922,Y
52707,Y
65898,Y
66731,Y
63539,Y
63291,Y
46191,Y
65215,Y
52399,Y
66187,Y
66692,Y
66700,Y
20393,Y
66701,Y
63321,Y
66165,Y
64892,Y
65881,Y
48979,Y
40587,Y
60778,Y
47300,Y
62430,Y
35138,Y
54025,Y
66724,Y
66725,Y
66726,Y
66727,Y
66464,Y
66728,Y
66729,Y
66730,Y
66734,Y
66735,Y
66169,Y
64880,Y
49021,Y
38305,Y
64876,Y
66712,Y
64886,Y
66709,Y
66737,Y
47051,Y
66739,Y
66079,Y
65921,Y
66740,Y
66741,Y
65909,Y
43462,Y
65853,Y
43270,Y
49891,Y
42748,Y
50156,Y
43447,Y
42632,Y
22137,Y
66164,Y
65931,Y
66742,Y
26263,Y
66732,Y
52053,Y
66743,Y
66515,Y
66516,Y
66517,Y
54985,Y
66714,Y
66204,Y
66213,Y
65739,Y
66203,Y
66198,Y
66481,Y
66715,Y
64314,Y
55711,Y
58200,Y
66554,Y
66553,Y
64334,Y
55335,Y
54995,Y
66447,Y
49824,Y
29981,Y
55328,Y
63336,Y
59787,Y
63451,Y
55399,Y
54039,Y
63715,Y
32520,Y
63705,Y
38702,Y
63562,Y
56876,Y
49830,Y
63561,Y
49821,Y
59263,Y
64879,Y
63500,Y
59750,Y
66738,Y
62424,Y
36466,Y
38602,Y
35875,Y
35838,Y
53882,Y
66744,Y
50379,Y
64903,Y
54313,Y
36116,Y
65136,Y
35091,Y
65130,Y
62056,Y
65434,Y
54984,Y
65127,Y
60507,Y
60656,Y
60635,Y
60659,Y
60506,Y
60633,Y
66748,Y
66747,Y
66711,Y
66746,Y
64363,Y
64364,Y
64369,Y
64385,Y
64472,Y
64488,Y
60646,Y
60505,Y
60520,Y
60579,Y
60582,Y
60559,Y
60512,Y
66391,Y
60630,Y
60516,Y
60651,Y
60571,Y
60599,Y
60499,Y
60609,Y
46671,Y
60551,Y
60498,Y
30991,Y
25044,Y
27487,Y
44853,Y
55987,Y
36563,Y
43893,Y
60517,Y
63231,Y
46424,Y
46725,Y
54168,Y
55094,Y
54952,Y
57321,Y
56354,Y
46692,Y
56507,Y
66210,Y
55315,Y
51028,Y
62003,Y
61928,Y
49109,Y
49491,Y
35857,Y
48376,Y
54986,Y
49646,Y
59911,Y
44780,Y
59416,Y
50046,Y
59968,Y
48333,Y
62823,Y
50163,Y
52119,Y
56002,Y
49110,Y
59914,Y
52860,Y
54080,Y
50212,Y
54073,Y
46711,Y
52605,Y
59182,Y
56157,Y
47180,Y
54503,Y
46726,Y
55324,Y
57764,Y
52694,Y
46435,Y
33263,Y
53868,Y
49413,Y
57163,Y
57153,Y
51931,Y
29279,Y
48439,Y
63223,Y
46488,Y
33761,Y
49409,Y
33539,Y
57170,Y
57155,Y
57152,Y
33118,Y
44504,Y
43886,Y
29372,Y
34981,Y
53801,Y
51012,Y
51009,Y
36830,Y
45252,Y
57165,Y
57166,Y
57167,Y
60391,Y
45120,Y
66754,Y
52535,Y
57158,Y
57157,Y
57159,Y
66518,Y
61719,Y
66704,Y
66706,Y
66707,Y
66708,Y
54167,Y
53607,Y
56548,Y
53911,Y
40043,Y
57785,Y
57752,Y
50899,Y
57317,Y
56915,Y
65934,Y
56638,Y
32422,Y
56923,Y
50882,Y
46890,Y
46214,Y
32421,Y
32424,Y
46438,Y
46209,Y
66749,Y
50903,Y
56551,Y
59349,Y
31042,Y
40927,Y
31081,Y
18230,Y
55268,Y
58826,Y
57076,Y
57838,Y
61244,Y
50691,Y
62285,Y
26249,Y
62412,Y
50690,Y
44703,Y
50666,Y
50665,Y
50664,Y
50663,Y
50660,Y
50659,Y
28730,Y
44444,Y
41231,Y
45180,Y
41230,Y
24114,Y
44766,Y
21937,Y
57818,Y
57124,Y
43818,Y
57127,Y
27524,Y
57110,Y
20651,Y
43657,Y
49764,Y
17172,Y
23676,Y
54176,Y
20532,Y
28869,Y
14235,Y
47975,Y
26844,Y
47978,Y
30698,Y
45058,Y
52677,Y
20719,Y
21468,Y
43865,Y
29229,Y
40864,Y
45352,Y
60325,Y
37006,Y
13894,Y
29387,Y
50132,Y
35508,Y
36823,Y
34391,Y
34392,Y
16746,Y
43756,Y
37585,Y
34387,Y
21747,Y
66414,Y
66411,Y
36004,Y
24819,Y
36028,Y
15702,Y
16944,Y
20649,Y
45733,Y
15619,Y
25179,Y
43758,Y
13938,Y
33822,Y
43753,Y
24824,Y
32483,Y
33076,Y
28304,Y
43750,Y
36015,Y
66407,Y
66405,Y
66418,Y
66415,Y
66412,Y
66423,Y
66406,Y
66419,Y
66401,Y
66420,Y
66410,Y
66402,Y
66403,Y
66413,Y
66417,Y
66408,Y
66421,Y
66409,Y
66758,Y
66759,Y
66760,Y
66424,Y
66416,Y
62004,Y
62042,Y
66757,Y
61996,Y
61997,Y
62009,Y
61616,Y
56934,Y
25492,Y
61334,Y
61631,Y
54752,Y
63719,Y
17205,Y
39064,Y
39077,Y
34774,Y
39068,Y
29889,Y
33860,Y
16191,Y
46780,Y
22162,Y
45691,Y
61442,Y
36753,Y
27629,Y
32199,Y
19374,Y
44653,Y
44769,Y
13045,Y
45412,Y
45718,Y
46181,Y
47536,Y
47866,Y
48190,Y
48247,Y
59329,Y
59337,Y
57483,Y
63697,Y
29659,Y
56932,Y
40629,Y
48843,Y
56929,Y
53677,Y
53652,Y
53653,Y
43442,Y
53909,Y
43106,Y
64754,Y
48278,Y
56926,Y
51266,Y
40019,Y
61444,Y
46440,Y
30761,Y
14061,Y
45213,Y
57790,Y
60929,Y
57735,Y
32423,Y
58676,Y
46180,Y
48566,Y
43636,Y
35739,Y
29320,Y
31182,Y
33562,Y
36418,Y
14237,Y
43037,Y
21148,Y
51072,Y
51006,Y
51005,Y
48256,Y
52396,Y
14315,Y
52408,Y
36294,Y
43891,Y
48191,Y
30479,Y
43004,Y
61567,Y
53709,Y
17836,Y
47067,Y
34383,Y
62461,Y
23492,Y
32457,Y
45203,Y
43249,Y
21345,Y
27505,Y
15599,Y
53908,Y
51274,Y
22645,Y
33226,Y
66371,Y
34291,Y
22649,Y
55708,Y
40055,Y
31463,Y
44500,Y
50668,Y
51161,Y
18554,Y
34345,Y
66776,Y
22019,Y
37173,Y
35697,Y
36393,Y
60245,Y
37175,Y
45469,Y
22020,Y
37135,Y
37102,Y
61937,Y
60970,Y
45558,Y
47711,Y
59962,Y
45557,Y
47753,Y
53094,Y
21368,Y
15011,Y
52966,Y
52670,Y
52285,Y
52970,Y
52287,Y
52655,Y
17743,Y
52261,Y
29221,Y
62134,Y
52306,Y
50158,Y
37172,Y
62210,Y
62062,Y
53523,Y
63845,Y
66783,Y
66144,Y
62841,Y
66279,Y
66781,Y
61383,Y
52633,Y
60747,Y
53460,Y
51276,Y
61418,Y
66784,Y
66710,Y
66785,Y
66786,Y
47054,Y
66787,Y
47603,Y
66790,Y
56160,Y
66137,Y
65542,Y
66078,Y
66791,Y
40746,Y
23162,Y
43671,Y
24634,Y
40042,Y
65467,Y
43562,Y
41001,Y
36399,Y
66792,Y
65494,Y
52804,Y
66794,Y
66793,Y
66795,Y
16806,Y
50134,Y
66796,Y
54614,Y
47811,Y
65682,Y
21801,Y
15724,Y
16395,Y
16396,Y
21802,Y
66351,Y
66344,Y
44600,Y
53899,Y
33990,Y
61191,Y
35579,Y
36248,Y
34552,Y
35542,Y
61189,Y
35543,Y
33991,Y
35918,Y
33992,Y
35578,Y
23964,Y
39573,Y
39625,Y
61196,Y
66506,Y
22510,Y
20803,Y
22081,Y
35074,Y
19939,Y
66486,Y
66762,Y
63360,Y
66769,Y
66765,Y
66766,Y
66761,Y
66763,Y
66768,Y
66764,Y
63463,Y
66819,Y
66296,Y
34973,Y
27516,Y
33074,Y
19526,Y
11855,Y
45701,Y
18851,Y
47640,Y
45417,Y
29933,Y
29428,Y
29602,Y
33672,Y
38253,Y
29805,Y
37362,Y
12694,Y
34903,Y
45409,Y
11863,Y
10204,Y
44118,Y
38512,Y
38407,Y
27639,Y
29249,Y
43884,Y
43834,Y
32001,Y
10744,Y
37638,Y
29267,Y
44701,Y
10671,Y
10682,Y
10691,Y
10696,Y
10701,Y
10746,Y
10751,Y
11854,Y
20314,Y
22164,Y
23019,Y
24647,Y
24839,Y
24972,Y
26147,Y
26262,Y
26638,Y
26957,Y
27013,Y
27020,Y
27022,Y
27321,Y
29545,Y
29546,Y
29600,Y
29601,Y
29615,Y
29648,Y
29657,Y
29663,Y
29788,Y
29816,Y
29817,Y
29945,Y
29949,Y
30006,Y
30186,Y
30308,Y
30392,Y
30839,Y
33660,Y
33662,Y
33671,Y
33673,Y
33676,Y
33919,Y
33920,Y
33922,Y
33925,Y
34050,Y
34278,Y
34798,Y
34808,Y
35079,Y
35131,Y
35133,Y
35137,Y
35307,Y
35313,Y
35402,Y
35477,Y
35670,Y
36036,Y
36537,Y
36828,Y
37363,Y
37847,Y
17498,Y
19088,Y
39635,Y
39593,Y
39570,Y
39632,Y
39605,Y
39810,Y
39576,Y
39579,Y
39591,Y
39624,Y
39623,Y
31036,Y
49458,Y
61541,Y
65646,Y
10732,Y
49205,Y
49207,Y
56092,Y
62539,Y
44691,Y
64957,Y
29086,Y
66788,Y
66155,Y
18368,Y
66808,Y
26755,Y
39583,Y
39589,Y
39581,Y
39569,Y
39577,Y
29590,Y
40875,Y
40874,Y
33317,Y
38047,Y
38045,Y
37977,Y
27190,Y
66439,Y
31034,Y
66212,Y
66803,Y
31148,Y
66800,Y
66667,Y
66301,Y
31029,Y
66802,Y
59196,Y
66806,Y
66809,Y
32761,Y
58584,Y
66798,Y
66799,Y
66483,Y
55472,Y
32160,Y
56251,Y
24538,Y
32491,Y
23780,Y
66820,Y
20303,Y
65596,Y
65600,Y
66778,Y
66777,Y
15954,Y
54862,Y
58747,Y
62564,Y
42588,Y
31028,Y
66675,Y
66166,Y
66220,Y
63761,Y
66174,Y
44396,Y
66810,Y
48032,Y
66811,Y
66812,Y
66813,Y
33007,Y
66814,Y
45579,Y
66815,Y
45035,Y
66816,Y
66817,Y
66818,Y
65799,Y
28223,Y
20555,Y
66804,Y
27237,Y
66455,Y
66805,Y
66807,Y
65817,Y
13097,Y
66801,Y
56489,Y
63827,Y
65793,Y
63823,Y
56290,Y
65820,Y
56291,Y
43177,Y
56464,Y
59922,Y
28422,Y
62951,Y
56465,Y
31825,Y
42740,Y
65798,Y
56468,Y
31822,Y
19820,Y
56470,Y
63829,Y
56475,Y
66437,Y
48263,Y
20256,Y
66446,Y
16087,Y
56479,Y
59162,Y
49403,Y
19833,Y
37121,Y
32728,Y
33099,Y
19607,Y
37123,Y
22627,Y
41280,Y
19974,Y
33372,Y
20117,Y
47562,Y
26534,Y
42763,Y
21310,Y
37925,Y
30428,Y
52973,Y
21369,Y
34500,Y
19855,Y
25336,Y
48537,Y
54027,Y
43014,Y
57359,Y
47713,Y
47715,Y
59203,Y
47609,Y
56229,Y
16397,Y
55325,Y
52016,Y
43878,Y
44993,Y
62843,Y
54258,Y
52811,Y
50959,Y
50507,Y
50093,Y
32028,Y
62594,Y
53146,Y
32041,Y
15748,Y
52806,Y
54518,Y
16122,Y
21693,Y
49269,Y
17569,Y
49975,Y
51822,Y
49812,Y
47818,Y
47819,Y
47822,Y
47827,Y
47832,Y
47833,Y
47836,Y
47839,Y
47840,Y
47821,Y
20037,Y
31349,Y
42946,Y
22234,Y
36888,Y
42947,Y
42976,Y
47838,Y
47824,Y
47837,Y
47826,Y
47820,Y
31044,Y
47831,Y
47841,Y
47843,Y
47825,Y
48082,Y
30919,Y
15539,Y
46634,Y
16392,Y
33034,Y
48693,Y
19797,Y
50478,Y
66845,Y
14419,Y
14514,Y
14564,Y
48678,Y
50503,Y
47834,Y
47823,Y
16853,Y
50495,Y
53781,Y
48692,Y
48690,Y
48689,Y
48688,Y
48685,Y
19729,Y
47727,Y
38331,Y
50479,Y
30542,Y
50500,Y
50488,Y
50486,Y
50496,Y
24776,Y
14658,Y
50490,Y
23275,Y
32488,Y
59029,Y
66897,Y
66898,Y
66899,Y
66900,Y
35573,Y
66372,Y
49810,Y
66922,Y
66837,Y
29994,Y
54578,Y
37376,Y
63270,Y
35484,Y
66844,Y
56276,Y
66752,Y
24536,Y
66750,Y
66544,Y
13639,Y
20678,Y
66293,Y
66291,Y
66289,Y
66285,Y
66575,Y
66936,Y
66939,Y
66941,Y
19068,Y
64345,Y
63475,Y
26113,Y
42519,Y
25459,Y
18624,Y
18135,Y
66933,Y
66946,Y
66945,Y
66770,Y
66771,Y
66878,Y
66875,Y
66876,Y
66877,Y
66824,Y
66829,Y
66909,Y
66904,Y
66905,Y
66908,Y
66938,Y
53262,Y
53893,Y
54923,Y
66880,Y
66881,Y
66882,Y
66923,Y
13246,Y
63289,Y
65452,Y
43922,Y
47977,Y
28412,Y
43005,Y
46994,Y
66773,Y
66772,Y
41048,Y
66774,Y
66970,Y
55396,Y
65657,Y
27422,Y
47498,Y
48101,Y
43551,Y
43291,Y
47225,Y
17258,Y
35566,Y
58814,Y
47413,Y
11048,Y
34177,Y
28514,Y
33884,Y
16668,Y
36371,Y
19323,Y
51595,Y
51671,Y
51712,Y
51713,Y
25841,Y
54903,Y
60100,Y
30989,Y
36818,Y
26320,Y
38326,Y
28486,Y
51308,Y
51537,Y
36043,Y
48429,Y
48416,Y
48422,Y
48403,Y
48411,Y
48401,Y
48417,Y
48406,Y
48382,Y
48409,Y
48384,Y
48427,Y
24489,Y
26404,Y
19982,Y
15984,Y
64987,Y
66843,Y
66914,Y
66839,Y
66931,Y
66842,Y
66890,Y
66988,Y
66950,Y
66891,Y
50006,Y
66986,Y
19937,Y
66987,Y
32202,Y
66889,Y
66838,Y
66989,Y
66836,Y
48058,Y
66991,Y
66992,Y
66993,Y
66994,Y
66995,Y
66996,Y
66951,Y
29543,Y
53834,Y
66997,Y
66998,Y
66999,Y
67001,Y
56659,Y
28638,Y
46574,Y
46396,Y
32777,Y
43414,Y
59807,Y
56626,Y
67002,Y
67003,Y
67004,Y
27253,Y
67005,Y
52890,Y
19907,Y
45268,Y
19842,Y
42741,Y
42849,Y
20989,Y
49217,Y
34341,Y
37725,Y
45721,Y
45045,Y
28302,Y
24794,Y
24793,Y
36220,Y
36001,Y
24818,Y
24820,Y
24804,Y
31943,Y
43845,Y
66958,Y
35968,Y
35323,Y
32377,Y
32378,Y
34037,Y
32381,Y
34036,Y
67006,Y
41050,Y
46606,Y
46605,Y
46604,Y
46603,Y
46602,Y
48181,Y
52084,Y
65083,Y
63545,Y
61182,Y
37817,Y
55239,Y
43250,Y
13204,Y
64427,Y
66825,Y
66830,Y
59125,Y
66983,Y
63449,Y
66985,Y
41000,Y
56801,Y
51200,Y
62079,Y
62082,Y
50742,Y
25522,Y
14296,Y
67011,Y
67012,Y
66917,Y
67013,Y
67014,Y
67015,Y
66832,Y
66488,Y
55703,Y
55701,Y
67017,Y
66973,Y
31541,Y
51478,Y
67024,Y
62304,Y
20257,Y
67059,Y
67060,Y
62058,Y
62057,Y
62332,Y
35092,Y
61820,Y
29820,Y
13189,Y
40034,Y
54926,Y
34230,Y
46272,Y
49011,Y
52859,Y
56476,Y
25923,Y
65228,Y
17897,Y
65230,Y
41106,Y
65229,Y
65222,Y
30778,Y
12762,Y
66581,Y
66616,Y
43982,Y
61167,Y
51750,Y
55803,Y
53540,Y
54103,Y
55786,Y
48455,Y
48499,Y
60338,Y
61851,Y
67062,Y
48744,Y
54026,Y
55855,Y
55770,Y
48554,Y
55778,Y
55232,Y
54897,Y
22015,Y
44619,Y
54715,Y
22023,Y
44620,Y
62419,Y
20167,Y
63926,Y
33568,Y
63015,Y
62969,Y
67124,Y
62494,Y
53367,Y
61308,Y
56336,Y
56338,Y
26244,Y
55732,Y
61296,Y
60476,Y
62216,Y
62283,Y
49074,Y
49075,Y
49077,Y
49078,Y
49079,Y
49080,Y
48758,Y
48759,Y
48760,Y
48761,Y
49061,Y
49064,Y
49065,Y
49067,Y
49076,Y
48757,Y
49081,Y
49182,Y
36200,Y
36202,Y
52126,Y
52127,Y
52128,Y
36196,Y
36197,Y
49183,Y
45046,Y
49184,Y
36199,Y
49185,Y
36198,Y
49186,Y
50104,Y
50105,Y
50106,Y
50107,Y
50103,Y
52133,Y
52130,Y
51679,Y
57368,Y
67138,Y
43278,Y
57499,Y
63536,Y
63357,Y
67140,Y
67142,Y
67141,Y
57586,Y
67137,Y
46575,Y
67147,Y
35406,Y
52214,Y
47038,Y
67149,Y
62805,Y
66841,Y
66978,Y
66171,Y
66170,Y
46865,Y
67065,Y
11516,Y
57584,Y
67016,Y
35230,Y
28836,Y
59054,Y
67170,Y
49469,Y
61560,Y
66693,Y
62877,Y
66690,Y
43555,Y
66695,Y
59917,Y
55358,Y
62081,Y
54287,Y
27152,Y
52429,Y
52957,Y
52087,Y
52963,Y
67010,Y
32829,Y
65652,Y
17652,Y
29470,Y
59057,Y
36335,Y
61437,Y
43720,Y
65651,Y
63839,Y
67163,Y
45812,Y
67104,Y
67058,Y
63108,Y
28026,Y
29962,Y
52560,Y
67151,Y
54808,Y
67174,Y
52850,Y
63838,Y
67165,Y
59220,Y
67175,Y
52491,Y
59859,Y
66354,Y
49245,Y
56386,Y
61832,Y
66990,Y
27292,Y
41014,Y
64171,Y
66930,Y
66952,Y
56004,Y
20336,Y
20278,Y
67181,Y
20115,Y
67103,Y
67089,Y
67075,Y
64743,Y
67245,Y
45984,Y
40313,Y
30378,Y
43440,Y
30377,Y
47200,Y
47499,Y
47458,Y
35183,Y
50438,Y
61181,Y
54290,Y
53327,Y
67133,Y
67134,Y
67135,Y
67136,Y
60285,Y
50710,Y
22163,Y
64152,Y
67250,Y
67064,Y
67063,Y
19354,Y
55394,Y
56304,Y
67230,Y
63994,Y
53164,Y
18299,Y
67251,Y
60051,Y
67253,Y
67254,Y
67255,Y
66966,Y
49171,Y
67252,Y
67195,Y
67184,Y
67183,Y
48180,Y
65143,Y
20986,Y
67257,Y
66299,Y
67258,Y
60474,Y
67120,Y
58948,Y
67020,Y
67244,Y
67240,Y
67145,Y
67169,Y
67176,Y
24563,Y
62024,Y
53891,Y
35248,Y
27742,Y
62044,Y
13633,Y
63370,Y
26457,Y
53972,Y
63018,Y
33917,Y
45030,Y
67256,Y
55361,Y
61489,Y
63835,Y
66929,Y
65766,Y
43032,Y
67261,Y
60138,Y
67237,Y
67094,Y
57550,Y
62021,Y
67264,Y
67265,Y
67266,Y
27816,Y
61636,Y
28489,Y
28597,Y
28598,Y
65870,Y
67022,Y
30622,Y
67269,Y
47877,Y
63057,Y
28490,Y
30869,Y
65889,Y
30567,Y
55776,Y
29472,Y
63049,Y
28492,Y
30141,Y
30764,Y
30180,Y
28493,Y
28601,Y
28517,Y
30870,Y
28599,Y
30140,Y
45880,Y
30807,Y
45881,Y
30763,Y
47202,Y
45882,Y
47652,Y
45883,Y
65884,Y
30566,Y
36233,Y
56163,Y
36231,Y
56164,Y
64322,Y
49339,Y
49352,Y
49350,Y
65883,Y
63020,Y
67156,Y
63107,Y
63016,Y
63106,Y
63114,Y
67150,Y
67148,Y
67154,Y
67152,Y
67167,Y
67160,Y
59257,Y
67164,Y
59256,Y
67155,Y
63109,Y
67166,Y
63111,Y
53166,Y
53187,Y
53167,Y
53168,Y
53169,Y
53189,Y
67299,Y
67287,Y
67292,Y
67288,Y
42766,Y
42958,Y
51640,Y
40648,Y
40576,Y
40150,Y
40575,Y
60247,Y
67009,Y
42709,Y
67306,Y
38364,Y
64115,Y
24078,Y
57541,Y
63924,Y
67309,Y
57580,Y
51394,Y
66981,Y
67318,Y
53875,Y
67233,Y
67311,Y
59306,Y
65695,Y
67315,Y
15575,Y
22014,Y
42909,Y
67220,Y
67204,Y
60284,Y
67328,Y
66139,Y
66943,Y
55248,Y
53552,Y
52995,Y
54170,Y
57611,Y
53917,Y
57145,Y
57988,Y
53914,Y
48233,Y
53919,Y
55522,Y
57251,Y
53931,Y
53925,Y
53936,Y
54532,Y
57694,Y
53921,Y
53930,Y
55108,Y
53939,Y
53929,Y
57607,Y
51977,Y
57603,Y
57605,Y
57604,Y
57599,Y
62038,Y
67221,Y
67085,Y
43433,Y
44186,Y
67329,Y
61773,Y
44189,Y
67192,Y
57756,Y
17772,Y
52090,Y
67108,Y
26313,Y
59023,Y
53900,Y
13598,Y
28058,Y
59259,Y
46535,Y
67159,Y
46548,Y
46588,Y
67331,Y
58510,Y
58518,Y
59192,Y
58522,Y
58516,Y
58520,Y
58519,Y
59187,Y
59193,Y
58512,Y
59188,Y
58515,Y
58524,Y
58517,Y
59191,Y
66349,Y
48087,Y
53560,Y
53306,Y
58423,Y
58426,Y
58427,Y
38596,Y
67308,Y
55415,Y
59679,Y
50746,Y
55409,Y
56755,Y
57173,Y
52529,Y
55413,Y
56757,Y
62290,Y
56751,Y
59279,Y
55421,Y
59675,Y
56753,Y
51852,Y
51873,Y
67259,Y
67260,Y
52047,Y
53083,Y
41080,Y
45259,Y
29416,Y
67283,Y
67334,Y
67333,Y
67332,Y
67263,Y
67323,Y
47742,Y
47697,Y
47702,Y
47860,Y
47892,Y
49020,Y
50100,Y
57108,Y
57109,Y
67335,Y
67294,Y
58451,Y
56154,Y
67343,Y
60000,Y
66910,Y
67344,Y
67345,Y
63208,Y
66618,Y
63145,Y
43888,Y
50640,Y
64741,Y
16443,Y
52718,Y
58604,Y
61864,Y
23443,Y
35222,Y
67206,Y
67201,Y
67215,Y
58863,Y
67274,Y
67275,Y
67276,Y
67277,Y
67278,Y
67279,Y
49569,Y
50740,Y
49427,Y
49484,Y
49441,Y
49447,Y
49437,Y
49567,Y
49429,Y
50674,Y
49434,Y
49428,Y
49560,Y
11745,Y
61552,Y
52398,Y
66717,Y
67351,Y
67182,Y
67186,Y
67193,Y
52373,Y
62087,Y
48085,Y
57007,Y
50339,Y
59931,Y
54761,Y
36726,Y
15367,Y
67357,Y
67348,Y
56723,Y
50656,Y
48021,Y
50292,Y
66974,Y
67360,Y
67353,Y
35204,Y
44624,Y
42727,Y
66756,Y
48868,Y
50941,Y
66918,Y
51193,Y
14460,Y
44212,Y
60481,Y
56706,Y
67304,Y
14467,Y
35265,Y
67361,Y
14598,Y
65125,Y
51179,Y
67362,Y
56057,Y
33880,Y
31503,Y
56850,Y
67365,Y
67364,Y
64088,Y
67366,Y
56877,Y
67339,Y
67284,Y
40131,Y
66302,Y
49174,Y
54608,Y
19897,Y
34621,Y
53445,Y
57793,Y
60471,Y
62377,Y
63158,Y
67326,Y
67303,Y
67112,Y
67302,Y
63384,Y
57452,Y
57833,Y
24431,Y
66971,Y
67368,Y
58032,Y
57942,Y
53103,Y
58484,Y
67369,Y
51819,Y
28551,Y
64764,Y
67314,Y
54736,Y
43988,Y
43991,Y
54104,Y
50125,Y
55664,Y
37027,Y
67298,Y
25247,Y
67272,Y
61242,Y
30550,Y
46203,Y
55493,Y
48614,Y
63414,Y
63426,Y
66269,Y
20622,Y
43959,Y
30940,Y
67363,Y
67350,Y
50136,Y
62455,Y
62012,Y
62005,Y
67072,Y
67071,Y
67066,Y
53869,Y
49652,Y
50760,Y
40577,Y
60425,Y
56349,Y
59650,Y
66278,Y
67378,Y
57480,Y
54928,Y
59996,Y
67371,Y
13028,Y
67146,Y
52584,Y
61012,Y
32873,Y
43587,Y
66976,Y
50350,Y
63805,Y
66962,Y
62987,Y
62887,Y
12720,Y
60927,Y
65081,Y
67338,Y
54085,Y
67341,Y
66893,Y
65835,Y
65836,Y
66827,Y
61305,Y
67376,Y
52046,Y
52950,Y
52949,Y
67128,Y
67312,Y
67401,Y
43020,Y
67158,Y
50433,Y
64689,Y
67038,Y
29194,Y
57980,Y
40029,Y
56516,Y
57946,Y
25177,Y
58495,Y
35686,Y
52067,Y
64771,Y
47017,Y
20030,Y
62289,Y
16898,Y
67402,Y
64667,Y
53611,Y
67327,Y
62068,Y
67403,Y
67404,Y
67388,Y
67407,Y
67406,Y
67408,Y
58644,Y
49543,Y
61070,Y
55636,Y
53308,Y
54247,Y
65133,Y
65084,Y
67395,Y
20163,Y
67393,Y
41092,Y
67392,Y
67394,Y
67387,Y
57870,Y
31501,Y
53510,Y
67180,Y
67385,Y
54144,Y
67177,Y
58325,Y
57809,Y
67354,Y
55291,Y
55289,Y
55288,Y
55303,Y
17206,Y
67411,Y
14803,Y
56529,Y
67412,Y
67061,Y
45064,Y
32555,Y
59286,Y
16911,Y
61479,Y
38112,Y
62032,Y
33752,Y
59222,Y
59606,Y
36396,Y
46895,Y
49202,Y
49209,Y
49222,Y
49234,Y
49237,Y
49229,Y
13796,Y
49214,Y
49201,Y
31549,Y
13809,Y
49213,Y
49218,Y
40751,Y
38347,Y
38408,Y
24821,Y
34344,Y
16018,Y
15617,Y
50809,Y
48625,Y
59030,Y
48207,Y
55663,Y
66679,Y
43588,Y
64161,Y
67396,Y
30920,Y
20164,Y
60174,Y
60210,Y
66957,Y
67098,Y
65455,Y
32129,Y
67416,Y
66944,Y
63302,Y
56648,Y
67347,Y
48769,Y
67305,Y
67342,Y
22001,Y
62022,Y
51156,Y
52188,Y
34429,Y
27975,Y
42846,Y
67367,Y
53031,Y
43666,Y
48130,Y
63808,Y
47213,Y
62862,Y
29887,Y
47669,Y
49453,Y
28594,Y
67123,Y
66528,Y
67420,Y
66969,Y
61777,Y
66940,Y
67375,Y
67238,Y
67422,Y
67423,Y
47055,Y
43704,Y
17587,Y
53990,Y
21874,Y
21901,Y
21903,Y
63006,Y
14364,Y
65432,Y
23895,Y
12974,Y
67419,Y
67421,Y
64160,Y
27275,Y
67042,Y
49573,Y
67048,Y
67027,Y
67052,Y
25030,Y
19835,Y
54569,Y
58396,Y
40135,Y
47012,Y
20229,Y
59580,Y
58479,Y
19711,Y
28881,Y
66336,Y
28115,Y
31445,Y
48472,Y
65588,Y
45042,Y
23312,Y
28097,Y
43018,Y
22480,Y
33903,Y
54638,Y
62615,Y
20895,Y
56041,Y
59739,Y
46208,Y
61376,Y
59973,Y
23488,Y
66980,Y
61157,Y
66276,Y
57565,Y
67444,Y
62872,Y
32412,Y
41013,Y
67397,Y
54994,Y
36408,Y
37407,Y
18699,Y
18698,Y
67447,Y
22572,Y
67340,Y
22404,Y
45940,Y
43428,Y
47234,Y
67451,Y
32531,Y
61658,Y
64241,Y
62055,Y
57024,Y
57451,Y
60254,Y
63368,Y
63369,Y
39458,Y
28833,Y
35870,Y
47243,Y
47245,Y
28323,Y
19347,Y
48654,Y
48619,Y
48616,Y
57646,Y
53375,Y
52961,Y
54306,Y
56329,Y
56331,Y
55751,Y
63591,Y
67457,Y
67455,Y
67460,Y
67461,Y
47666,Y
45816,Y
59047,Y
59049,Y
59032,Y
51562,Y
53114,Y
67373,Y
52412,Y
59855,Y
22790,Y
21395,Y
56376,Y
67470,Y
18034,Y
57575,Y
57174,Y
57180,Y
44261,Y
57179,Y
57172,Y
57176,Y
57178,Y
51677,Y
52134,Y
50102,Y
57175,Y
57466,Y
57467,Y
57468,Y
57473,Y
36332,Y
38002,Y
36331,Y
45047,Y
45048,Y
36473,Y
45603,Y
36472,Y
36474,Y
57177,Y
51680,Y
45050,Y
45049,Y
44720,Y
49789,Y
49790,Y
49791,Y
39185,Y
51675,Y
51674,Y
57463,Y
57464,Y
57465,Y
61359,Y
61358,Y
61353,Y
61357,Y
61355,Y
61356,Y
57469,Y
57470,Y
57471,Y
57472,Y
61354,Y
44373,Y
52135,Y
44259,Y
27000,Y
52129,Y
52131,Y
49060,Y
52132,Y
48762,Y
49062,Y
49063,Y
49066,Y
49068,Y
49069,Y
49070,Y
49071,Y
49072,Y
49073,Y
55146,Y
55154,Y
55079,Y
55205,Y
55212,Y
55185,Y
67467,Y
67424,Y
19059,Y
32580,Y
43642,Y
45257,Y
23989,Y
67485,Y
54508,Y
57777,Y
67486,Y
40574,Y
40153,Y
44098,Y
43327,Y
44133,Y
61804,Y
58823,Y
56952,Y
67495,Y
44906,Y
12393,Y
61499,Y
67507,Y
67506,Y
67502,Y
67504,Y
67501,Y
67500,Y
67499,Y
67497,Y
67494,Y
67498,Y
67118,Y
67117,Y
67110,Y
54181,Y
59307,Y
67508,Y
67307,Y
67386,Y
67509,Y
17187,Y
42898,Y
41341,Y
60973,Y
29317,Y
48277,Y
36295,Y
55384,Y
56179,Y
46039,Y
39461,Y
66303,Y
63388,Y
67482,Y
58038,Y
53793,Y
57985,Y
11452,Y
23756,Y
18124,Y
67511,Y
67336,Y
67337,Y
67316,Y
67317,Y
67319,Y
67320,Y
67321,Y
67322,Y
67324,Y
65308,Y
65310,Y
65311,Y
65312,Y
65302,Y
65306,Y
67491,Y
66300,Y
67479,Y
67483,Y
52473,Y
61382,Y
67409,Y
61320,Y
67410,Y
60102,Y
67513,Y
61615,Y
44689,Y
56377,Y
59423,Y
67430,Y
67431,Y
48010,Y
54191,Y
54285,Y
67518,Y
59798,Y
33259,Y
66982,Y
51113,Y
59283,Y
45319,Y
67281,Y
67236,Y
22471,Y
54501,Y
67476,Y
39066,Y
39080,Y
39078,Y
67310,Y
67534,Y
61235,Y
48016,Y
65438,Y
67515,Y
66932,Y
67211,Y
49029,Y
49624,Y
58120,Y
29391,Y
24420,Y
67468,Y
67290,Y
24479,Y
67539,Y
30584,Y
61654,Y
20839,Y
28032,Y
58029,Y
53792,Y
67300,Y
56695,Y
67450,Y
67529,Y
32474,Y
20434,Y
67540,Y
67543,Y
62863,Y
30179,Y
67545,Y
67546,Y
47399,Y
67359,Y
67356,Y
67018,Y
67564,Y
67563,Y
67541,Y
67562,Y
67565,Y
61505,Y
67566,Y
39244,Y
60038,Y
67568,Y
59335,Y
67570,Y
56948,Y
18817,Y
56365,Y
67571,Y
52687,Y
60070,Y
67247,Y
67575,Y
67574,Y
65164,Y
34408,Y
67580,Y
59314,Y
67477,Y
67456,Y
67116,Y
67114,Y
67458,Y
67440,Y
67581,Y
67582,Y
36918,Y
64131,Y
63932,Y
27938,Y
48827,Y
61689,Y
60280,Y
56062,Y
67243,Y
67480,Y
51601,Y
54296,Y
18840,Y
58982,Y
59324,Y
66385,Y
56925,Y
53554,Y
62072,Y
62046,Y
67084,Y
57559,Y
53294,Y
56390,Y
67023,Y
61516,Y
38095,Y
67481,Y
43113,Y
67578,Y
60466,Y
66118,Y
67434,Y
67594,Y
67213,Y
49602,Y
21791,Y
17986,Y
67604,Y
67576,Y
67577,Y
66954,Y
22104,Y
24110,Y
52420,Y
52198,Y
67374,Y
67585,Y
67607,Y
48659,Y
20637,Y
13371,Y
67301,Y
67608,Y
25427,Y
29950,Y
57494,Y
67441,Y
34412,Y
65126,Y
55258,Y
56728,Y
46009,Y
47383,Y
62112,Y
53708,Y
67567,Y
67527,Y
67125,Y
67609,Y
67448,Y
53157,Y
61772,Y
66386,Y
67168,Y
48735,Y
67293,Y
36464,Y
53311,Y
56165,Y
65080,Y
67474,Y
67473,Y
63930,Y
45289,Y
36195,Y
21985,Y
63624,Y
67560,Y
67589,Y
60758,Y
57568,Y
67106,Y
35373,Y
62052,Y
54088,Y
44024,Y
56265,Y
57327,Y
57272,Y
26735,Y
66883,Y
67492,Y
56794,Y
67597,Y
67583,Y
67613,Y
54211,Y
67389,Y
67520,Y
51212,Y
43672,Y
54546,Y
55758,Y
62727,Y
67623,Y
56746,Y
61030,Y
37134,Y
59958,Y
67626,Y
67627,Y
67628,Y
28853,Y
33704,Y
19943,Y
67530,Y
67516,Y
48080,Y
52369,Y
61647,Y
67549,Y
67391,Y
45700,Y
67475,Y
18839,Y
65436,Y
47062,Y
43372,Y
25349,Y
24953,Y
31841,Y
34820,Y
42637,Y
67503,Y
67591,Y
67596,Y
67552,Y
67533,Y
67099,Y
67097,Y
63931,Y
52138,Y
67384,Y
67390,Y
66736,Y
67631,Y
58046,Y
34622,Y
35763,Y
67572,Y
67573,Y
22941,Y
20024,Y
20264,Y
40255,Y
22939,Y
48668,Y
36064,Y
36490,Y
43721,Y
57340,Y
67610,Y
67478,Y
47673,Y
46884,Y
12848,Y
67632,Y
60035,Y
52419,Y
46363,Y
27585,Y
47965,Y
67633,Y
53194,Y
53280,Y
59999,Y
67634,Y
66211,Y
53989,Y
28732,Y
67636,Y
67637,Y
67638,Y
66984,Y
51301,Y
58845,Y
49769,Y
57530,Y
25224,Y
40573,Y
14792,Y
26421,Y
17694,Y
17325,Y
19725,Y
36949,Y
16318,Y
48955,Y
49025,Y
37170,Y
37111,Y
63010,Y
32581,Y
51614,Y
54301,Y
36410,Y
57270,Y
59359,Y
48410,Y
49092,Y
62851,Y
24565,Y
43559,Y
67648,Y
67649,Y
62319,Y
35521,Y
44153,Y
29201,Y
47376,Y
47369,Y
53849,Y
47269,Y
37683,Y
47261,Y
36373,Y
33500,Y
67622,Y
67647,Y
67603,Y
67505,Y
53309,Y
67650,Y
67651,Y
35562,Y
57627,Y
29995,Y
57230,Y
67082,Y
45292,Y
61725,Y
27280,Y
38626,Y
67587,Y
67399,Y
21864,Y
28581,Y
11475,Y
37445,Y
11075,Y
28592,Y
28386,Y
12464,Y
38342,Y
67588,Y
67443,Y
65291,Y
28521,Y
29891,Y
40561,Y
59789,Y
41456,Y
39517,Y
45167,Y
46349,Y
43210,Y
27535,Y
65179,Y
65191,Y
67484,Y
20872,Y
39702,Y
32586,Y
51208,Y
63594,Y
45250,Y
50707,Y
50671,Y
50702,Y
50701,Y
66664,Y
66602,Y
66603,Y
66615,Y
50700,Y
40158,Y
50693,Y
50692,Y
37072,Y
37178,Y
32435,Y
66960,Y
44150,Y
31969,Y
57773,Y
31962,Y
60488,Y
41224,Y
40195,Y
58540,Y
22279,Y
34871,Y
67663,Y
21815,Y
48324,Y
48340,Y
48341,Y
17984,Y
27690,Y
57001,Y
52073,Y
21830,Y
57554,Y
58661,Y
59971,Y
59399,Y
54575,Y
61259,Y
30042,Y
25034,Y
59395,Y
20521,Y
42600,Y
67551,Y
67372,Y
48853,Y
67544,Y
35447,Y
58509,Y
43364,Y
40754,Y
14645,Y
23578,Y
30847,Y
26683,Y
29090,Y
19728,Y
40418,Y
19738,Y
36503,Y
67669,Y
65368,Y
38451,Y
34432,Y
26314,Y
35858,Y
54734,Y
22024,Y
54635,Y
51591,Y
24253,Y
66924,Y
47047,Y
20475,Y
67670,Y
67598,Y
67550,Y
63182,Y
59550,Y
67493,Y
67675,Y
67639,Y
46340,Y
67677,Y
66947,Y
50814,Y
48467,Y
67517,Y
66215,Y
66222,Y
66911,Y
66919,Y
66913,Y
66921,Y
67678,Y
67679,Y
66979,Y
25155,Y
67683,Y
26477,Y
29909,Y
67625,Y
22604,Y
67624,Y
62942,Y
62971,Y
25178,Y
26535,Y
48076,Y
65192,Y
65211,Y
65200,Y
64870,Y
64881,Y
65174,Y
64887,Y
64894,Y
64867,Y
64862,Y
64956,Y
65123,Y
62033,Y
62049,Y
67496,Y
67490,Y
58931,Y
50755,Y
65869,Y
67442,Y
55113,Y
67652,Y
67535,Y
67561,Y
54805,Y
59381,Y
59390,Y
34620,Y
62546,Y
63469,Y
19705,Y
67538,Y
57855,Y
43091,Y
45142,Y
55134,Y
35219,Y
38660,Y
47868,Y
62746,Y
66365,Y
66317,Y
62303,Y
67684,Y
28273,Y
67685,Y
67694,Y
67695,Y
67686,Y
67688,Y
67689,Y
67690,Y
67691,Y
67692,Y
67693,Y
62456,Y
59322,Y
20897,Y
54068,Y
62084,Y
54815,Y
67687,Y
19997,Y
51343,Y
51318,Y
51330,Y
46100,Y
32138,Y
67699,Y
67701,Y
67076,Y
67074,Y
67069,Y
67635,Y
56800,Y
43478,Y
50052,Y
63435,Y
58066,Y
51313,Y
63436,Y
67756,Y
67757,Y
67758,Y
40113,Y
21111,Y
67754,Y
67755,Y
67753,Y
67601,Y
46405,Y
67425,Y
66906,Y
67426,Y
59308,Y
27286,Y
40133,Y
67642,Y
67760,Y
16889,Y
17267,Y
49733,Y
44231,Y
20842,Y
21103,Y
43458,Y
35685,Y
67295,Y
66337,Y
59939,Y
59941,Y
67640,Y
27457,Y
59995,Y
46661,Y
56182,Y
46174,Y
55665,Y
67595,Y
67296,Y
27249,Y
53896,Y
37169,Y
33050,Y
58168,Y
58925,Y
67462,Y
63081,Y
63638,Y
67762,Y
45817,Y
67761,Y
66685,Y
52064,Y
52958,Y
54978,Y
44363,Y
66524,Y
67586,Y
67602,Y
16533,Y
12727,Y
43911,Y
40320,Y
67763,Y
67671,Y
67672,Y
67673,Y
67765,Y
58335,Y
58336,Y
59372,Y
58342,Y
58339,Y
56347,Y
58346,Y
58344,Y
59658,Y
58345,Y
58347,Y
58350,Y
58352,Y
58349,Y
59357,Y
58343,Y
54489,Y
58353,Y
58535,Y
58341,Y
61080,Y
58340,Y
60737,Y
57496,Y
58919,Y
30041,Y
58917,Y
58916,Y
61677,Y
62253,Y
67271,Y
61525,Y
29814,Y
41459,Y
60736,Y
62523,Y
60761,Y
60740,Y
58490,Y
58488,Y
50893,Y
51796,Y
63163,Y
55999,Y
35586,Y
56812,Y
56344,Y
52331,Y
50360,Y
50361,Y
52337,Y
53833,Y
50370,Y
50376,Y
37239,Y
56350,Y
54493,Y
56151,Y
67767,Y
67768,Y
67769,Y
51367,Y
62550,Y
47967,Y
67774,Y
48435,Y
30246,Y
47046,Y
57654,Y
52122,Y
30547,Y
60779,Y
47215,Y
21728,Y
48304,Y
56956,Y
67824,Y
67241,Y
67825,Y
67826,Y
67827,Y
67828,Y
67829,Y
67830,Y
67831,Y
67832,Y
42532,Y
49574,Y
22333,Y
46294,Y
46864,Y
47705,Y
57748,Y
20949,Y
59351,Y
40058,Y
49544,Y
37192,Y
62000,Y
62045,Y
67070,Y
35883,Y
39408,Y
25646,Y
26202,Y
39339,Y
25610,Y
38344,Y
28383,Y
28387,Y
37880,Y
12196,Y
24875,Y
22810,Y
26230,Y
50098,Y
63555,Y
59853,Y
67313,Y
61046,Y
58904,Y
67656,Y
66551,Y
67657,Y
67661,Y
67835,Y
38601,Y
66959,Y
66955,Y
66964,Y
66617,Y
66632,Y
20089,Y
20016,Y
48862,Y
46512,Y
56663,Y
22927,Y
20025,Y
47021,Y
20267,Y
50435,Y
56072,Y
47695,Y
67646,Y
21743,Y
38162,Y
24814,Y
33823,Y
24791,Y
50122,Y
37600,Y
43768,Y
43757,Y
67834,Y
23700,Y
41414,Y
41192,Y
42560,Y
13112,Y
11208,Y
33366,Y
45123,Y
15910,Y
43322,Y
32350,Y
22924,Y
33382,Y
43283,Y
65684,Y
65810,Y
21309,Y
14358,Y
20092,Y
22532,Y
26982,Y
66780,Y
66779,Y
66833,Y
66831,Y
66255,Y
16316,Y
12027,Y
15732,Y
24271,Y
12307,Y
15170,Y
51159,Y
49499,Y
13419,Y
12022,Y
38263,Y
22298,Y
67355,Y
66543,Y
41118,Y
56312,Y
67836,Y
67559,Y
67790,Y
67795,Y
44835,Y
29078,Y
45223,Y
67759,Y
67129,Y
29253,Y
45342,Y
23401,Y
67838,Y
33236,Y
22528,Y
18199,Y
33363,Y
52882,Y
52876,Y
52877,Y
52878,Y
52880,Y
52881,Y
52883,Y
52879,Y
54769,Y
54802,Y
54809,Y
56097,Y
56096,Y
56095,Y
56093,Y
56091,Y
56089,Y
10336,Y
67654,Y
67840,Y
60643,Y
67214,Y
46321,Y
44773,Y
17689,Y
45456,Y
44054,Y
46425,Y
67143,Y
46693,Y
51299,Y
52858,Y
67841,Y
46759,Y
53730,Y
46437,Y
46694,Y
46684,Y
46323,Y
46685,Y
40074,Y
50314,Y
46724,Y
66751,Y
52801,Y
67844,Y
48753,Y
53151,Y
46419,Y
20747,Y
24457,Y
65649,Y
48559,Y
65708,Y
66390,Y
48477,Y
66755,Y
66874,Y
66879,Y
65831,Y
65861,Y
66478,Y
66775,Y
66546,Y
66195,Y
65370,Y
65407,Y
67645,Y
67843,Y
35886,Y
56715,Y
26724,Y
67848,Y
67849,Y
67852,Y
46342,Y
67850,Y
36406,Y
67851,Y
66422,Y
53632,Y
59185,Y
67086,Y
35885,Y
48855,Y
54956,Y
11195,Y
28851,Y
25902,Y
25884,Y
25899,Y
46348,Y
58154,Y
45280,Y
11545,Y
49000,Y
61999,Y
54800,Y
24132,Y
62020,Y
44107,Y
20784,Y
20245,Y
61349,Y
20771,Y
41466,Y
44048,Y
53413,Y
32504,Y
20800,Y
38131,Y
32336,Y
22387,Y
14786,Y
14080,Y
15222,Y
53437,Y
25886,Y
38139,Y
25887,Y
54563,Y
67510,Y
62844,Y
15615,Y
54260,Y
55318,Y
55314,Y
55320,Y
50472,Y
62596,Y
43724,Y
25290,Y
26631,Y
60621,Y
33993,Y
67115,Y
36476,Y
67109,Y
20796,Y
13344,Y
28151,Y
29273,Y
29710,Y
11870,Y
67121,Y
50267,Y
11591,Y
57410,Y
24602,Y
60058,Y
52639,Y
22697,Y
13363,Y
51940,Y
57411,Y
41383,Y
59477,Y
59629,Y
16535,Y
17682,Y
36519,Y
24587,Y
13292,Y
38113,Y
53800,Y
66216,Y
67858,Y
56674,Y
60680,Y
24603,Y
19366,Y
43815,Y
40866,Y
26693,Y
48570,Y
47789,Y
31409,Y
21390,Y
31413,Y
36354,Y
32998,Y
21211,Y
29323,Y
19141,Y
47793,Y
36998,Y
35873,Y
38062,Y
31059,Y
19093,Y
26698,Y
51146,Y
50724,Y
55133,Y
47924,Y
53596,Y
55129,Y
50723,Y
44456,Y
17942,Y
53545,Y
67697,Y
16014,Y
47907,Y
53043,Y
67857,Y
51885,Y
33380,Y
62963,Y
11002,Y
52696,Y
63142,Y
61805,Y
33888,Y
38898,Y
54016,Y
20602,Y
47140,Y
61874,Y
43871,Y
35599,Y
62785,Y
27234,Y
13551,Y
11581,Y
46312,Y
11245,Y
60155,Y
37801,Y
49707,Y
29907,Y
31856,Y
32994,Y
50165,Y
49723,Y
31862,Y
29319,Y
53350,Y
44868,Y
52472,Y
17224,Y
31314,Y
31061,Y
19990,Y
31104,Y
30916,Y
32816,Y
23264,Y
24733,Y
30128,Y
30917,Y
17225,Y
53364,Y
44447,Y
31171,Y
16147,Y
28725,Y
21503,Y
29841,Y
22483,Y
15912,Y
43399,Y
31363,Y
35898,Y
26753,Y
33212,Y
46011,Y
44154,Y
45209,Y
29631,Y
34109,Y
20427,Y
23605,Y
29693,Y
33584,Y
35085,Y
18248,Y
26191,Y
40244,Y
52672,Y
53520,Y
50892,Y
34703,Y
34701,Y
67865,Y
46591,Y
50889,Y
46318,Y
50465,Y
53830,Y
50457,Y
27901,Y
50885,Y
50904,Y
50462,Y
67870,Y
53978,Y
67871,Y
67878,Y
60316,Y
67839,Y
61266,Y
67876,Y
67914,Y
67933,Y
63288,Y
67938,Y
67942,Y
67944,Y
66965,Y
37716,Y
14953,Y
56530,Y
33528,Y
53272,Y
67918,Y
67926,Y
67921,Y
67951,Y
67696,Y
67859,Y
66383,Y
28957,Y
28959,Y
57324,Y
28787,Y
67913,Y
54605,Y
49286,Y
67920,Y
67929,Y
67930,Y
67923,Y
67924,Y
67922,Y
51374,Y
57497,Y
67866,Y
67864,Y
17452,Y
57409,Y
47656,Y
22408,Y
55058,Y
58431,Y
58432,Y
58422,Y
58420,Y
61360,Y
58434,Y
59231,Y
36535,Y
45944,Y
46754,Y
56752,Y
59680,Y
56316,Y
55418,Y
55416,Y
56315,Y
51850,Y
51851,Y
53546,Y
59669,Y
59662,Y
59672,Y
59668,Y
53548,Y
59663,Y
59664,Y
59665,Y
59666,Y
59667,Y
32204,Y
59756,Y
48024,Y
56796,Y
50110,Y
22415,Y
36986,Y
20076,Y
50993,Y
38373,Y
41094,Y
62597,Y
38157,Y
67875,Y
51530,Y
50196,Y
61624,Y
49811,Y
49493,Y
61626,Y
49636,Y
61257,Y
53441,Y
59043,Y
59050,Y
51529,Y
53333,Y
61641,Y
16993,Y
45387,Y
67999,Y
67995,Y
53657,Y
58575,Y
58574,Y
58570,Y
58559,Y
58554,Y
67641,Y
67917,Y
31368,Y
30247,Y
21904,Y
48434,Y
43308,Y
21870,Y
42820,Y
30172,Y
43910,Y
57374,Y
49550,Y
51535,Y
59673,Y
54504,Y
55577,Y
50768,Y
50418,Y
67962,Y
51603,Y
64621,Y
56577,Y
67297,Y
49361,Y
53147,Y
60545,Y
17088,Y
48201,Y
60544,Y
45768,Y
67989,Y
67986,Y
67971,Y
67974,Y
56664,Y
42731,Y
14495,Y
63312,Y
68016,Y
34735,Y
68017,Y
46756,Y
67966,Y
68018,Y
67523,Y
25312,Y
61717,Y
34437,Y
43545,Y
23146,Y
37253,Y
61929,Y
67960,Y
55374,Y
67358,Y
67882,Y
63146,Y
65722,Y
67935,Y
62085,Y
55260,Y
57358,Y
55267,Y
51841,Y
66392,Y
50865,Y
67936,Y
46703,Y
67869,Y
46727,Y
67927,Y
46735,Y
46432,Y
61378,Y
64048,Y
35244,Y
44549,Y
44827,Y
53656,Y
43154,Y
56624,Y
36290,Y
45972,Y
56630,Y
39411,Y
15855,Y
29061,Y
43090,Y
59200,Y
59617,Y
53435,Y
53428,Y
53426,Y
53430,Y
53434,Y
53422,Y
53420,Y
59620,Y
68019,Y
42799,Y
21590,Y
68020,Y
21376,Y
43030,Y
19975,Y
21095,Y
43430,Y
43284,Y
18892,Y
18321,Y
25190,Y
19829,Y
31140,Y
42744,Y
12761,Y
40809,Y
54708,Y
36285,Y
37745,Y
12271,Y
54352,Y
12015,Y
15939,Y
15090,Y
10910,Y
11527,Y
12263,Y
15887,Y
15972,Y
16368,Y
16371,Y
16374,Y
16377,Y
16591,Y
16594,Y
16779,Y
17112,Y
17230,Y
19839,Y
39965,Y
24833,Y
48957,Y
25576,Y
51413,Y
51423,Y
51426,Y
53467,Y
25619,Y
25648,Y
25649,Y
36429,Y
40757,Y
40758,Y
40886,Y
43706,Y
47917,Y
49008,Y
48954,Y
48952,Y
48951,Y
48950,Y
48949,Y
48841,Y
48832,Y
48830,Y
48829,Y
48803,Y
48770,Y
48366,Y
45834,Y
43286,Y
43104,Y
41409,Y
38459,Y
38458,Y
36581,Y
28254,Y
28138,Y
48533,Y
48431,Y
48441,Y
48530,Y
48531,Y
48449,Y
48547,Y
48535,Y
48536,Y
41067,Y
49188,Y
49189,Y
49241,Y
49439,Y
50308,Y
50698,Y
50695,Y
50696,Y
50697,Y
50699,Y
51447,Y
43388,Y
53211,Y
53213,Y
53210,Y
51573,Y
53665,Y
53664,Y
37752,Y
49505,Y
48953,Y
54129,Y
54184,Y
54185,Y
54186,Y
54188,Y
54190,Y
54189,Y
55440,Y
55441,Y
55442,Y
55443,Y
55444,Y
55445,Y
55446,Y
56569,Y
56567,Y
56568,Y
56570,Y
56572,Y
56574,Y
56573,Y
41408,Y
59056,Y
59058,Y
59059,Y
59060,Y
59061,Y
59062,Y
59063,Y
59244,Y
59245,Y
59247,Y
59248,Y
59249,Y
59246,Y
59250,Y
59491,Y
59768,Y
59769,Y
59770,Y
59771,Y
59772,Y
59773,Y
59774,Y
59775,Y
59776,Y
59777,Y
59778,Y
59779,Y
59780,Y
59781,Y
59783,Y
59784,Y
59785,Y
59786,Y
60007,Y
60008,Y
60009,Y
60010,Y
45771,Y
65124,Y
24023,Y
57867,Y
43648,Y
56686,Y
51210,Y
61326,Y
37957,Y
20883,Y
32400,Y
49376,Y
43779,Y
49932,Y
56082,Y
40252,Y
12201,Y
53572,Y
53838,Y
68022,Y
62761,Y
25188,Y
52715,Y
68028,Y
68027,Y
68030,Y
68024,Y
68029,Y
68025,Y
20116,Y
65290,Y
65292,Y
35060,Y
68032,Y
64021,Y
61637,Y
61646,Y
67662,Y
63098,Y
57513,Y
47457,Y
35691,Y
47364,Y
30082,Y
57373,Y
25842,Y
68036,Y
43557,Y
51670,Y
51933,Y
51941,Y
43786,Y
43787,Y
68037,Y
52648,Y
46809,Y
57136,Y
67939,Y
67525,Y
44802,Y
30559,Y
32119,Y
48296,Y
48289,Y
49935,Y
37168,Y
49951,Y
56791,Y
61090,Y
61532,Y
61086,Y
30462,Y
52329,Y
50368,Y
52328,Y
50369,Y
36539,Y
67961,Y
67599,Y
40396,Y
47224,Y
36741,Y
48525,Y
20091,Y
15046,Y
34250,Y
68044,Y
68046,Y
50799,Y
50603,Y
68049,Y
68021,Y
62681,Y
62967,Y
67973,Y
67981,Y
67991,Y
68047,Y
51391,Y
68042,Y
25697,Y
15324,Y
68043,Y
68045,Y
27720,Y
18787,Y
53550,Y
25698,Y
55188,Y
55189,Y
55174,Y
55193,Y
55195,Y
68023,Y
55173,Y
55219,Y
55184,Y
55200,Y
44546,Y
27662,Y
55183,Y
55161,Y
55213,Y
55172,Y
55170,Y
55166,Y
26168,Y
55326,Y
27722,Y
67958,Y
64791,Y
68051,Y
45133,Y
43935,Y
43913,Y
42549,Y
44626,Y
50726,Y
36854,Y
67997,Y
42779,Y
42548,Y
39891,Y
67956,Y
66658,Y
44439,Y
47704,Y
52061,Y
67352,Y
47828,Y
37628,Y
50485,Y
50487,Y
50498,Y
50091,Y
68052,Y
44614,Y
43024,Y
58511,Y
59189,Y
59186,Y
58514,Y
68048,Y
24394,Y
56892,Y
42547,Y
45269,Y
54707,Y
53933,Y
53928,Y
53926,Y
53927,Y
45138,Y
52997,Y
52994,Y
52996,Y
53923,Y
56108,Y
14063,Y
34210,Y
46790,Y
42546,Y
32517,Y
27995,Y
60296,Y
67953,Y
44688,Y
54032,Y
68053,Y
56885,Y
68056,Y
67519,Y
36175,Y
44903,Y
68033,Y
57644,Y
62271,Y
67879,Y
68011,Y
67968,Y
46771,Y
61745,Y
46747,Y
53351,Y
52315,Y
68064,Y
68092,Y
61845,Y
61495,Y
68060,Y
68102,Y
68068,Y
68069,Y
68070,Y
68072,Y
68074,Y
68076,Y
68077,Y
68079,Y
68085,Y
68088,Y
68089,Y
68093,Y
68103,Y
68094,Y
68095,Y
68062,Y
68065,Y
68066,Y
68071,Y
68061,Y
61023,Y
27876,Y
30874,Y
56417,Y
54740,Y
68054,Y
52815,Y
68059,Y
61298,Y
63602,Y
68116,Y
68119,Y
68120,Y
51350,Y
68122,Y
40582,Y
67590,Y
68107,Y
63786,Y
54817,Y
68057,Y
66623,Y
66647,Y
59315,Y
52007,Y
22142,Y
53802,Y
51190,Y
42569,Y
50943,Y
14583,Y
42978,Y
68114,Y
67833,Y
68126,Y
20210,Y
68125,Y
68124,Y
51703,Y
67179,Y
58546,Y
55271,Y
59404,Y
68004,Y
67998,Y
68131,Y
68000,Y
59418,Y
68130,Y
61911,Y
68132,Y
57012,Y
48353,Y
56913,Y
48335,Y
48360,Y
57014,Y
48291,Y
56896,Y
68005,Y
49519,Y
68003,Y
11473,Y
38565,Y
39340,Y
58467,Y
51244,Y
43858,Y
44096,Y
52444,Y
28554,Y
68002,Y
67643,Y
68001,Y
68133,Y
21614,Y
35100,Y
26325,Y
12342,Y
21093,Y
44435,Y
13507,Y
65194,Y
12069,Y
48519,Y
48517,Y
48529,Y
34134,Y
50831,Y
40056,Y
68031,Y
38135,Y
65887,Y
43690,Y
49835,Y
57390,Y
67532,Y
67521,Y
45779,Y
68135,Y
40589,Y
64043,Y
65532,Y
61618,Y
68147,Y
68148,Y
68050,Y
65531,Y
63096,Y
49937,Y
65530,Y
68169,Y
68013,Y
60670,Y
56367,Y
52333,Y
52339,Y
52332,Y
29798,Y
50301,Y
68171,Y
21460,Y
65294,Y
65295,Y
65296,Y
67531,Y
68172,Y
68173,Y
68040,Y
68175,Y
68174,Y
68150,Y
67957,Y
60186,Y
28001,Y
25317,Y
25655,Y
25658,Y
25657,Y
25659,Y
25662,Y
55637,Y
67959,Y
66612,Y
55389,Y
68161,Y
68160,Y
57033,Y
68146,Y
68149,Y
52652,Y
58750,Y
68166,Y
68167,Y
68176,Y
14436,Y
51668,Y
67996,Y
50208,Y
54511,Y
44952,Y
20663,Y
22265,Y
22581,Y
58739,Y
20656,Y
60845,Y
60699,Y
32363,Y
47176,Y
58133,Y
29561,Y
53688,Y
21510,Y
42735,Y
24654,Y
26213,Y
43408,Y
21164,Y
34872,Y
51509,Y
21669,Y
65880,Y
67268,Y
65868,Y
65882,Y
23969,Y
43356,Y
35881,Y
53423,Y
68034,Y
27909,Y
68159,Y
68153,Y
35478,Y
43951,Y
56809,Y
68177,Y
68178,Y
68179,Y
33192,Y
68180,Y
18406,Y
68181,Y
68183,Y
55230,Y
68184,Y
68185,Y
68186,Y
68187,Y
48924,Y
48919,Y
43042,Y
45538,Y
58764,Y
68158,Y
61841,Y
52604,Y
37092,Y
63774,Y
59051,Y
52660,Y
68207,Y
30819,Y
66635,Y
68211,Y
46004,Y
68212,Y
68213,Y
37831,Y
68214,Y
68108,Y
68215,Y
67579,Y
67950,Y
47901,Y
67522,Y
23232,Y
20516,Y
11665,Y
68202,Y
68196,Y
68191,Y
68192,Y
24107,Y
24105,Y
45041,Y
42642,Y
33913,Y
57295,Y
22066,Y
22544,Y
48309,Y
52207,Y
27699,Y
62507,Y
57845,Y
23054,Y
66199,Y
68204,Y
22139,Y
56230,Y
61241,Y
53836,Y
53839,Y
25871,Y
68217,Y
23208,Y
45708,Y
37943,Y
52779,Y
21296,Y
21305,Y
48946,Y
40749,Y
21677,Y
15821,Y
54925,Y
36072,Y
41068,Y
68227,Y
40183,Y
30549,Y
37112,Y
68232,Y
50460,Y
68234,Y
68236,Y
63488,Y
64734,Y
16081,Y
36389,Y
34875,Y
48385,Y
67855,Y
67853,Y
67846,Y
67452,Y
67282,Y
67963,Y
13026,Y
12721,Y
14139,Y
62295,Y
33824,Y
34346,Y
50172,Y
41223,Y
14519,Y
37764,Y
29976,Y
21663,Y
55152,Y
49118,Y
42959,Y
55187,Y
58767,Y
56899,Y
55157,Y
68224,Y
58785,Y
68164,Y
68198,Y
34750,Y
67928,Y
36504,Y
35329,Y
11408,Y
37501,Y
52869,Y
54059,Y
68127,Y
13684,Y
68250,Y
44065,Y
47165,Y
61273,Y
52482,Y
19808,Y
61267,Y
68151,Y
56615,Y
44163,Y
52675,Y
12836,Y
13505,Y
68251,Y
68121,Y
61648,Y
52474,Y
43411,Y
65702,Y
68195,Y
68193,Y
68194,Y
57146,Y
56632,Y
57305,Y
63836,Y
63749,Y
47014,Y
28108,Y
30694,Y
56758,Y
48281,Y
44667,Y
32869,Y
38281,Y
30131,Y
25442,Y
15979,Y
41170,Y
22612,Y
15866,Y
27648,Y
15263,Y
22615,Y
15077,Y
25400,Y
22609,Y
13451,Y
16972,Y
31722,Y
54276,Y
30242,Y
58968,Y
23008,Y
58955,Y
22900,Y
19787,Y
55043,Y
25589,Y
61992,Y
50307,Y
51172,Y
50866,Y
44323,Y
55428,Y
49855,Y
61202,Y
60940,Y
63604,Y
22223,Y
52038,Y
52037,Y
54527,Y
52226,Y
52340,Y
49701,Y
68222,Y
67280,Y
66075,Y
68220,Y
68221,Y
68219,Y
68262,Y
68264,Y
68266,Y
49452,Y
52242,Y
37115,Y
31636,Y
62278,Y
60724,Y
51644,Y
51321,Y
56839,Y
11300,Y
68257,Y
68270,Y
68271,Y
29512,Y
23256,Y
68231,Y
55156,Y
55197,Y
55199,Y
55216,Y
59568,Y
53191,Y
62828,Y
63131,Y
62172,Y
58927,Y
68272,Y
68273,Y
52182,Y
68254,Y
68154,Y
46536,Y
46968,Y
60852,Y
41279,Y
51137,Y
32518,Y
63345,Y
54509,Y
58637,Y
44711,Y
30027,Y
44191,Y
24183,Y
20665,Y
68269,Y
55993,Y
15672,Y
22218,Y
40991,Y
60759,Y
18133,Y
38981,Y
63454,Y
48475,Y
60683,Y
23307,Y
59945,Y
68274,Y
22795,Y
54127,Y
68249,Y
51223,Y
51224,Y
51225,Y
32868,Y
18893,Y
17245,Y
35301,Y
29235,Y
68242,Y
40590,Y
68244,Y
39127,Y
40176,Y
26869,Y
45358,Y
36413,Y
54574,Y
18309,Y
14413,Y
68239,Y
66046,Y
68268,Y
68223,Y
66154,Y
45765,Y
68278,Y
68279,Y
54014,Y
52735,Y
44109,Y
52723,Y
52724,Y
52726,Y
55272,Y
58525,Y
62327,Y
18513,Y
61723,Y
66347,Y
54159,Y
24548,Y
54177,Y
48657,Y
54160,Y
17296,Y
54252,Y
55106,Y
58307,Y
58306,Y
55107,Y
48555,Y
52786,Y
29071,Y
60297,Y
62148,Y
60040,Y
32617,Y
60037,Y
62131,Y
61542,Y
64890,Y
32209,Y
47303,Y
38571,Y
68284,Y
46867,Y
33477,Y
65603,Y
68285,Y
68286,Y
43326,Y
68128,Y
58088,Y
58315,Y
37000,Y
58319,Y
58320,Y
60294,Y
60044,Y
37180,Y
68282,Y
58757,Y
55376,Y
25161,Y
68261,Y
68105,Y
62390,Y
55204,Y
56512,Y
68170,Y
57200,Y
53804,Y
15449,Y
32837,Y
15432,Y
33907,Y
56675,Y
42842,Y
15443,Y
62742,Y
62704,Y
62763,Y
42558,Y
59844,Y
38599,Y
55994,Y
20551,Y
12303,Y
33093,Y
43500,Y
52257,Y
44392,Y
63824,Y
23675,Y
64079,Y
11074,Y
11474,Y
39335,Y
11505,Y
36463,Y
36941,Y
22809,Y
46169,Y
63972,Y
50018,Y
26214,Y
50956,Y
53840,Y
23554,Y
26231,Y
24890,Y
23157,Y
26221,Y
22808,Y
27251,Y
50972,Y
24894,Y
44845,Y
32726,Y
61625,Y
20813,Y
22912,Y
68287,Y
23135,Y
53268,Y
56363,Y
53888,Y
56391,Y
68293,Y
63121,Y
68303,Y
68302,Y
68300,Y
62209,Y
49099,Y
51659,Y
51665,Y
48423,Y
48404,Y
51662,Y
51660,Y
31008,Y
48426,Y
47194,Y
47483,Y
47491,Y
47461,Y
47184,Y
47259,Y
47353,Y
47325,Y
30767,Y
47282,Y
47281,Y
44460,Y
30079,Y
34744,Y
30938,Y
13424,Y
42673,Y
43226,Y
47310,Y
52967,Y
51778,Y
51158,Y
47331,Y
47531,Y
47528,Y
47510,Y
48623,Y
26209,Y
45636,Y
65338,Y
64223,Y
64209,Y
65862,Y
19200,Y
38547,Y
66531,Y
65339,Y
50367,Y
67967,Y
53941,Y
68309,Y
66535,Y
68288,Y
68301,Y
29182,Y
65985,Y
66088,Y
22687,Y
66127,Y
68189,Y
62077,Y
55269,Y
51376,Y
51375,Y
52710,Y
34806,Y
68310,Y
52124,Y
68311,Y
58756,Y
68259,Y
68228,Y
55392,Y
68253,Y
64089,Y
68245,Y
56696,Y
68247,Y
53620,Y
68312,Y
67469,Y
67489,Y
50453,Y
21911,Y
59529,Y
68313,Y
51462,Y
68035,Y
19942,Y
45886,Y
67105,Y
18397,Y
25656,Y
46821,Y
23331,Y
26818,Y
36534,Y
39961,Y
68006,Y
68308,Y
67881,Y
68297,Y
68298,Y
68299,Y
68294,Y
68295,Y
55074,Y
55065,Y
52149,Y
55068,Y
50218,Y
55168,Y
55167,Y
52116,Y
52279,Y
52280,Y
54048,Y
54049,Y
53549,Y
52607,Y
55203,Y
52424,Y
57692,Y
55162,Y
59857,Y
52458,Y
48671,Y
34080,Y
44779,Y
21676,Y
52486,Y
22575,Y
63394,Y
55180,Y
55071,Y
52485,Y
58839,Y
55214,Y
52180,Y
52483,Y
56677,Y
63116,Y
55220,Y
15223,Y
55143,Y
46957,Y
47155,Y
68314,Y
44572,Y
63115,Y
58416,Y
46954,Y
46250,Y
47158,Y
46241,Y
19893,Y
53249,Y
53263,Y
56042,Y
56043,Y
57670,Y
68306,Y
62076,Y
62080,Y
61413,Y
28123,Y
20926,Y
54609,Y
46446,Y
56374,Y
68321,Y
43295,Y
14453,Y
48676,Y
54132,Y
20221,Y
19228,Y
56760,Y
56759,Y
58166,Y
33788,Y
32017,Y
36444,Y
65262,Y
68333,Y
68330,Y
68334,Y
12103,Y
50073,Y
51523,Y
68337,Y
50066,Y
68338,Y
68339,Y
68346,Y
68349,Y
59176,Y
57856,Y
56357,Y
54136,Y
68351,Y
49419,Y
68352,Y
68353,Y
68354,Y
68322,Y
14580,Y
56669,Y
42567,Y
27517,Y
24840,Y
42687,Y
67975,Y
67983,Y
67972,Y
67987,Y
48079,Y
63274,Y
63271,Y
68331,Y
46930,Y
64747,Y
33335,Y
46974,Y
46973,Y
68258,Y
19830,Y
68235,Y
68165,Y
68356,Y
68086,Y
68283,Y
68315,Y
54763,Y
63420,Y
68318,Y
55406,Y
55405,Y
68340,Y
54038,Y
54093,Y
53508,Y
49167,Y
49166,Y
68342,Y
48600,Y
48606,Y
48598,Y
68341,Y
58567,Y
29257,Y
60921,Y
66298,Y
35113,Y
68260,Y
50790,Y
51782,Y
50654,Y
22987,Y
53027,Y
67952,Y
67943,Y
22862,Y
65744,Y
26228,Y
50936,Y
17896,Y
68350,Y
59711,Y
68332,Y
53898,Y
59631,Y
54413,Y
53325,Y
50731,Y
50823,Y
50332,Y
46156,Y
61983,Y
61987,Y
22021,Y
51553,Y
68323,Y
68365,Y
57553,Y
31638,Y
43822,Y
68327,Y
68320,Y
45843,Y
45855,Y
33727,Y
53603,Y
43875,Y
65594,Y
65085,Y
65807,Y
48605,Y
49471,Y
54081,Y
67122,Y
61385,Y
68280,Y
65078,Y
68317,Y
49175,Y
68329,Y
68326,Y
68369,Y
68370,Y
68371,Y
34729,Y
56709,Y
56130,Y
53278,Y
17692,Y
68367,Y
19066,Y
47740,Y
49593,Y
46798,Y
61258,Y
68357,Y
56483,Y
56482,Y
56448,Y
56447,Y
56444,Y
33835,Y
17004,Y
13826,Y
14056,Y
56537,Y
56536,Y
56535,Y
56534,Y
56533,Y
56532,Y
56531,Y
24520,Y
58468,Y
17550,Y
38418,Y
25250,Y
28711,Y
43011,Y
66639,Y
66643,Y
59938,Y
55337,Y
68281,Y
27933,Y
68374,Y
45777,Y
65439,Y
37767,Y
17555,Y
68081,Y
58386,Y
58789,Y
47015,Y
38390,Y
24345,Y
64898,Y
34335,Y
43828,Y
37007,Y
65204,Y
12726,Y
24836,Y
40319,Y
32126,Y
30106,Y
40237,Y
42643,Y
38619,Y
27470,Y
51602,Y
53876,Y
31144,Y
51925,Y
31145,Y
31031,Y
63122,Y
31146,Y
36030,Y
31033,Y
31035,Y
60279,Y
31147,Y
31030,Y
17003,Y
68375,Y
43986,Y
65529,Y
68376,Y
45819,Y
68377,Y
68373,Y
68378,Y
68379,Y
45668,Y
43876,Y
53602,Y
68380,Y
45174,Y
68381,Y
52015,Y
49457,Y
27068,Y
50754,Y
52026,Y
10940,Y
27066,Y
52005,Y
44105,Y
28060,Y
66903,Y
45177,Y
49180,Y
52810,Y
65562,Y
42685,Y
50021,Y
53163,Y
20177,Y
68384,Y
53844,Y
23831,Y
35842,Y
44785,Y
20469,Y
29799,Y
46833,Y
46834,Y
46831,Y
42960,Y
55342,Y
51442,Y
56155,Y
51592,Y
32856,Y
68397,Y
68396,Y
68395,Y
68394,Y
68393,Y
68392,Y
68391,Y
68390,Y
63040,Y
68398,Y
68400,Y
68399,Y
68401,Y
53463,Y
68386,Y
68190,Y
68372,Y
67993,Y
57243,Y
57252,Y
45785,Y
38595,Y
52192,Y
60745,Y
53425,Y
53429,Y
53424,Y
53427,Y
55037,Y
47900,Y
47883,Y
47880,Y
47663,Y
47873,Y
47875,Y
67915,Y
32618,Y
22804,Y
53843,Y
53570,Y
53573,Y
24412,Y
36827,Y
54818,Y
53044,Y
68402,Y
68403,Y
48857,Y
52081,Y
61601,Y
28205,Y
67234,Y
35598,Y
68387,Y
63371,Y
34503,Y
35033,Y
44921,Y
14597,Y
15331,Y
58652,Y
58742,Y
58783,Y
58781,Y
58786,Y
19792,Y
22709,Y
31429,Y
17342,Y
66942,Y
60581,Y
60650,Y
60577,Y
60596,Y
60513,Y
68405,Y
60661,Y
60536,Y
68364,Y
68407,Y
66475,Y
22571,Y
45865,Y
46644,Y
68277,Y
44407,Y
67630,Y
43923,Y
61503,Y
68063,Y
58272,Y
68078,Y
68080,Y
68083,Y
68084,Y
52384,Y
68090,Y
20890,Y
68418,Y
68210,Y
18972,Y
47886,Y
60196,Y
68296,Y
47885,Y
68421,Y
68344,Y
47879,Y
47746,Y
58773,Y
49173,Y
68413,Y
68414,Y
68415,Y
68416,Y
56847,Y
68316,Y
68408,Y
35320,Y
68345,Y
45644,Y
25347,Y
10020,Y
54950,Y
54946,Y
38616,Y
52063,Y
11347,Y
62212,Y
61045,Y
61035,Y
60953,Y
61038,Y
63510,Y
43735,Y
67178,Y
47154,Y
46932,Y
47230,Y
51418,Y
24443,Y
51417,Y
51420,Y
26339,Y
26600,Y
51415,Y
46926,Y
43773,Y
44291,Y
36468,Y
44665,Y
68411,Y
40752,Y
37614,Y
47304,Y
39485,Y
56394,Y
68423,Y
34091,Y
40801,Y
27023,Y
30548,Y
41581,Y
43718,Y
20876,Y
28534,Y
67964,Y
68425,Y
68412,Y
26611,Y
68420,Y
68417,Y
68410,Y
32194,Y
58218,Y
14415,Y
61945,Y
68432,Y
68433,Y
68238,Y
68237,Y
32806,Y
29042,Y
59799,Y
68434,Y
68435,Y
68429,Y
48669,Y
42703,Y
45376,Y
62653,Y
68438,Y
58653,Y
68424,Y
51919,Y
58656,Y
58044,Y
59117,Y
49168,Y
58777,Y
68319,Y
55393,Y
68422,Y
62438,Y
60920,Y
51425,Y
51431,Y
52262,Y
52263,Y
52264,Y
52265,Y
59710,Y
59946,Y
59949,Y
59964,Y
60059,Y
61853,Y
61856,Y
62100,Y
62954,Y
20283,Y
26841,Y
68441,Y
39386,Y
68440,Y
68290,Y
16951,Y
68439,Y
41296,Y
36948,Y
43914,Y
11055,Y
68347,Y
28922,Y
12104,Y
19198,Y
12799,Y
45206,Y
20443,Y
12060,Y
65213,Y
54179,Y
47758,Y
40753,Y
28125,Y
63105,Y
68449,Y
68447,Y
37113,Y
56362,Y
52676,Y
57761,Y
56452,Y
57763,Y
55235,Y
46871,Y
68459,Y
68458,Y
47700,Y
61401,Y
21836,Y
26526,Y
68199,Y
68292,Y
68453,Y
68461,Y
56525,Y
45279,Y
68460,Y
51688,Y
51895,Y
68443,Y
65813,Y
17655,Y
68462,Y
61788,Y
68463,Y
61079,Y
20462,Y
68464,Y
26627,Y
68343,Y
51424,Y
68465,Y
37116,Y
20338,Y
68404,Y
63204,Y
56781,Y
53619,Y
68467,Y
50377,Y
17093,Y
61486,Y
68456,Y
68497,Y
68498,Y
68473,Y
49398,Y
48774,Y
47572,Y
46010,Y
68444,Y
68442,Y
68500,Y
54553,Y
68502,Y
18611,Y
68267,Y
68470,Y
49311,Y
48887,Y
58149,Y
59997,Y
24010,Y
68507,Y
68503,Y
68501,Y
68509,Y
68513,Y
68508,Y
40635,Y
23569,Y
68511,Y
68505,Y
68514,Y
68510,Y
68512,Y
39234,Y
41161,Y
20919,Y
25819,Y
63895,Y
68240,Y
68520,Y
22270,Y
68091,Y
52697,Y
68096,Y
68097,Y
68363,Y
68358,Y
23452,Y
20739,Y
48192,Y
68305,Y
45624,Y
45639,Y
68523,Y
31544,Y
52225,Y
28057,Y
65824,Y
49549,Y
68524,Y
19361,Y
68526,Y
68525,Y
17731,Y
38792,Y
24145,Y
33632,Y
68528,Y
61602,Y
51485,Y
68527,Y
68529,Y
68531,Y
61480,Y
33436,Y
67945,Y
33245,Y
68474,Y
28439,Y
19903,Y
20224,Y
68522,Y
65231,Y
68469,Y
49446,Y
65184,Y
66208,Y
67021,Y
68499,Y
68388,Y
68389,Y
68468,Y
25780,Y
62463,Y
21843,Y
29492,Y
48589,Y
48856,Y
52375,Y
23137,Y
68532,Y
62170,Y
54902,Y
37054,Y
57212,Y
63396,Y
49390,Y
59274,Y
56748,Y
56750,Y
68534,Y
68536,Y
54015,Y
51317,Y
63250,Y
63249,Y
63248,Y
63221,Y
63222,Y
49823,Y
53339,Y
68366,Y
53337,Y
51187,Y
52368,Y
47950,Y
51667,Y
43534,Y
62129,Y
47938,Y
34390,Y
52769,Y
63579,Y
68539,Y
68540,Y
68541,Y
55402,Y
60150,Y
36114,Y
58941,Y
45962,Y
54250,Y
67153,Y
34934,Y
68543,Y
29304,Y
68542,Y
27522,Y
66167,Y
68544,Y
20920,Y
68550,Y
68552,Y
68555,Y
68556,Y
68547,Y
68558,Y
68549,Y
68551,Y
45002,Y
48361,Y
50268,Y
46763,Y
68563,Y
68559,Y
68565,Y
30267,Y
52403,Y
68567,Y
68568,Y
63978,Y
30806,Y
31132,Y
28516,Y
28519,Y
68572,Y
34776,Y
48780,Y
57947,Y
68576,Y
68574,Y
68575,Y
52530,Y
68562,Y
68554,Y
44175,Y
40598,Y
25650,Y
25450,Y
22067,Y
24297,Y
44473,Y
46012,Y
44579,Y
37476,Y
42812,Y
20770,Y
68201,Y
45898,Y
20798,Y
16051,Y
16430,Y
44379,Y
20887,Y
27550,Y
31118,Y
28600,Y
36484,Y
26125,Y
44366,Y
43662,Y
38478,Y
49333,Y
44376,Y
68427,Y
59294,Y
11403,Y
39081,Y
52851,Y
49943,Y
49992,Y
62776,Y
68026,Y
68041,Y
68038,Y
68039,Y
68530,Y
60728,Y
34949,Y
20647,Y
24828,Y
68355,Y
65408,Y
67847,Y
65787,Y
67524,Y
67171,Y
66338,Y
68610,Y
68590,Y
68603,Y
68605,Y
68601,Y
47063,Y
68602,Y
44170,Y
51284,Y
44014,Y
53277,Y
68604,Y
52057,Y
67449,Y
38034,Y
68583,Y
68608,Y
68606,Y
68582,Y
68607,Y
61297,Y
68584,Y
57781,Y
68585,Y
57779,Y
52915,Y
56258,Y
68586,Y
23742,Y
47635,Y
52358,Y
23222,Y
20262,Y
65409,Y
40053,Y
32507,Y
32895,Y
34965,Y
52522,Y
50596,Y
50718,Y
23104,Y
38087,Y
14822,Y
67130,Y
25499,Y
11508,Y
51773,Y
40965,Y
67916,Y
25582,Y
50058,Y
16502,Y
34673,Y
52113,Y
28144,Y
23884,Y
61953,Y
68382,Y
53998,Y
32450,Y
23952,Y
39999,Y
41276,Y
27833,Y
30133,Y
27834,Y
15647,Y
22628,Y
26643,Y
22637,Y
29911,Y
53541,Y
31304,Y
34502,Y
31886,Y
51231,Y
49426,Y
27716,Y
68616,Y
68617,Y
68615,Y
23844,Y
44438,Y
57069,Y
34337,Y
63387,Y
49871,Y
29218,Y
37861,Y
32462,Y
41286,Y
13481,Y
20714,Y
17456,Y
34320,Y
62346,Y
42711,Y
68101,Y
67554,Y
65168,Y
65167,Y
65094,Y
65142,Y
67553,Y
65165,Y
65162,Y
65166,Y
68632,Y
50154,Y
32063,Y
61392,Y
68639,Y
68640,Y
67053,Y
67054,Y
67055,Y
67057,Y
67056,Y
67046,Y
67039,Y
52362,Y
20917,Y
68649,Y
56371,Y
68650,Y
68651,Y
68652,Y
68669,Y
68668,Y
68667,Y
68653,Y
68654,Y
61512,Y
35574,Y
68671,Y
66396,Y
68672,Y
38352,Y
68587,Y
68588,Y
13867,Y
27846,Y
68594,Y
68599,Y
68682,Y
19516,Y
33543,Y
43709,Y
68793,Y
68675,Y
68663,Y
68666,Y
68662,Y
68665,Y
68664,Y
68661,Y
68660,Y
68659,Y
68658,Y
68657,Y
68656,Y
68795,Y
58758,Y
65121,Y
68636,Y
13688,Y
68796,Y
68797,Y
68798,Y
68799,Y
58850,Y
68681,Y
24984,Y
25128,Y
43547,Y
62408,Y
68230,Y
68676,Y
58322,Y
68637,Y
48350,Y
50112,Y
27702,Y
62976,Y
68804,Y
67791,Y
68813,Y
53264,Y
41457,Y
46299,Y
46397,Y
68359,Y
68360,Y
68361,Y
51710,Y
64749,Y
68815,Y
27996,Y
68816,Y
58778,Y
25144,Y
21767,Y
59714,Y
47312,Y
47478,Y
47464,Y
47453,Y
47449,Y
47460,Y
30178,Y
34023,Y
35540,Y
25418,Y
68475,Y
68801,Y
47276,Y
47264,Y
61313,Y
47436,Y
67218,Y
56580,Y
65885,Y
42856,Y
68348,Y
48280,Y
44076,Y
20345,Y
20276,Y
68655,Y
68647,Y
20940,Y
60436,Y
29489,Y
61912,Y
68098,Y
62348,Y
61613,Y
68808,Y
48106,Y
22211,Y
19371,Y
68831,Y
68291,Y
55566,Y
55506,Y
57416,Y
57429,Y
55513,Y
49414,Y
49267,Y
49410,Y
57147,Y
57148,Y
57149,Y
57154,Y
57162,Y
57171,Y
57150,Y
57151,Y
57156,Y
63218,Y
57561,Y
55355,Y
43677,Y
47872,Y
47855,Y
19303,Y
68822,Y
25357,Y
30038,Y
36636,Y
51380,Y
54500,Y
54126,Y
26485,Y
68472,Y
56023,Y
16236,Y
29141,Y
29070,Y
42713,Y
68099,Y
66362,Y
68832,Y
68875,Y
54340,Y
50917,Y
56983,Y
68883,Y
68881,Y
68882,Y
59190,Y
58523,Y
58513,Y
58521,Y
68847,Y
68494,Y
68873,Y
62631,Y
68887,Y
35810,Y
68888,Y
68889,Y
63172,Y
63169,Y
63170,Y
66835,Y
68884,Y
53606,Y
13449,Y
58639,Y
68890,Y
55473,Y
68891,Y
22944,Y
27675,Y
16055,Y
49384,Y
58774,Y
48557,Y
37071,Y
16312,Y
57990,Y
59261,Y
53616,Y
53783,Y
56646,Y
61425,Y
68893,Y
56485,Y
56528,Y
68894,Y
61280,Y
61428,Y
56486,Y
61282,Y
68864,Y
61429,Y
53498,Y
61426,Y
53354,Y
53714,Y
53501,Y
59980,Y
53502,Y
61424,Y
37412,Y
68506,Y
23330,Y
62230,Y
60917,Y
14942,Y
16139,Y
43561,Y
27469,Y
43453,Y
34984,Y
52066,Y
59794,Y
63381,Y
68624,Y
65879,Y
68892,Y
53580,Y
68548,Y
61759,Y
27750,Y
68862,Y
68188,Y
67606,Y
68226,Y
52717,Y
67856,Y
68805,Y
68948,Y
13527,Y
50912,Y
57581,Y
25241,Y
58303,Y
59184,Y
56881,Y
68734,Y
68950,Y
68949,Y
68628,Y
46942,Y
68951,Y
63373,Y
68952,Y
68953,Y
28076,Y
42545,Y
15010,Y
68871,Y
20929,Y
54863,Y
23784,Y
67226,Y
68956,Y
68957,Y
40148,Y
68055,Y
67752,Y
52733,Y
63341,Y
68958,Y
55159,Y
68436,Y
68960,Y
28893,Y
68954,Y
68961,Y
68962,Y
68963,Y
68964,Y
68965,Y
68533,Y
68448,Y
50612,Y
14529,Y
50953,Y
23535,Y
56642,Y
67512,Y
68886,Y
35410,Y
47604,Y
68899,Y
68900,Y
68828,Y
68966,Y
68968,Y
68970,Y
68972,Y
66599,Y
66600,Y
66610,Y
66631,Y
66608,Y
68969,Y
68967,Y
68973,Y
68974,Y
68975,Y
67854,Y
68806,Y
52334,Y
34402,Y
43484,Y
68861,Y
68874,Y
37083,Y
44765,Y
57515,Y
68979,Y
53338,Y
68812,Y
68977,Y
68976,Y
36716,Y
47889,Y
61692,Y
63556,Y
68870,Y
68986,Y
68988,Y
43616,Y
68987,Y
68989,Y
68971,Y
45640,Y
61815,Y
49621,Y
65009,Y
57512,Y
57542,Y
43176,Y
68829,Y
68452,Y
68579,Y
58384,Y
22010,Y
68564,Y
68876,Y
68620,Y
57831,Y
14326,Y
68516,Y
68619,Y
68629,Y
68571,Y
68289,Y
68197,Y
68200,Y
68589,Y
68614,Y
68477,Y
68478,Y
68483,Y
68488,Y
68476,Y
68484,Y
68491,Y
68482,Y
68480,Y
68487,Y
68481,Y
68489,Y
68486,Y
68490,Y
68493,Y
68485,Y
68492,Y
68479,Y
68631,Y
68578,Y
68630,Y
68678,Y
68991,Y
68838,Y
43248,Y
51257,Y
51261,Y
51262,Y
51263,Y
51264,Y
51270,Y
51275,Y
51717,Y
51721,Y
51719,Y
51723,Y
43837,Y
51724,Y
52492,Y
52852,Y
52887,Y
53524,Y
53556,Y
52441,Y
25045,Y
41059,Y
43158,Y
68569,Y
68623,Y
68868,Y
23286,Y
67172,Y
66682,Y
68994,Y
68995,Y
44820,Y
15287,Y
43947,Y
42783,Y
25860,Y
47634,Y
47023,Y
44477,Y
56036,Y
56034,Y
49002,Y
50222,Y
48161,Y
23061,Y
68980,Y
68992,Y
68885,Y
68997,Y
68999,Y
68933,Y
15226,Y
14146,Y
13777,Y
13774,Y
69005,Y
59792,Y
40322,Y
30725,Y
39065,Y
46163,Y
69001,Y
38227,Y
23990,Y
41139,Y
31249,Y
56813,Y
19080,Y
59150,Y
69003,Y
68814,Y
23707,Y
45148,Y
45541,Y
17511,Y
20036,Y
15033,Y
69008,Y
68431,Y
69009,Y
40105,Y
63253,Y
63254,Y
63245,Y
63239,Y
26287,Y
34966,Y
15065,Y
61869,Y
63183,Y
15978,Y
23489,Y
17246,Y
40966,Y
52951,Y
49285,Y
62246,Y
16964,Y
30103,Y
45720,Y
18459,Y
24957,Y
29825,Y
28165,Y
34348,Y
54756,Y
16769,Y
24951,Y
44824,Y
30097,Y
68944,Y
55357,Y
28584,Y
38450,Y
12859,Y
17782,Y
69010,Y
69011,Y
69015,Y
69017,Y
69014,Y
40997,Y
69013,Y
69012,Y
41071,Y
69016,Y
69018,Y
69019,Y
50958,Y
65182,Y
65187,Y
65178,Y
23218,Y
43861,Y
47636,Y
46310,Y
39680,Y
43770,Y
24356,Y
64889,Y
26473,Y
61041,Y
44897,Y
22699,Y
32971,Y
31813,Y
23301,Y
31169,Y
35422,Y
23726,Y
62852,Y
50116,Y
49300,Y
49023,Y
50090,Y
51449,Y
56855,Y
29784,Y
51128,Y
50974,Y
50042,Y
61415,Y
68592,Y
68566,Y
21865,Y
68896,Y
68609,Y
69049,Y
68598,Y
69052,Y
50179,Y
57989,Y
69056,Y
69058,Y
69072,Y
45965,Y
38153,Y
33772,Y
44380,Y
61344,Y
52080,Y
53393,Y
53199,Y
52700,Y
52157,Y
52155,Y
52154,Y
52003,Y
52002,Y
52001,Y
52000,Y
69076,Y
69077,Y
69081,Y
68679,Y
69085,Y
68802,Y
68858,Y
54208,Y
62957,Y
68859,Y
62955,Y
55087,Y
54224,Y
69082,Y
69080,Y
69079,Y
69084,Y
57140,Y
53892,Y
57002,Y
53890,Y
59303,Y
69087,Y
48316,Y
55115,Y
48322,Y
56993,Y
68810,Y
69060,Y
69059,Y
59646,Y
46336,Y
36980,Y
45568,Y
45997,Y
39548,Y
51319,Y
63432,Y
63438,Y
63731,Y
17887,Y
34799,Y
62089,Y
48641,Y
25608,Y
57017,Y
68981,Y
68983,Y
68982,Y
68985,Y
63395,Y
68984,Y
57678,Y
25300,Y
33737,Y
25226,Y
57238,Y
69051,Y
69033,Y
69037,Y
69047,Y
69027,Y
69026,Y
69034,Y
69045,Y
69031,Y
69043,Y
69038,Y
69029,Y
69050,Y
69022,Y
69024,Y
37305,Y
57610,Y
57307,Y
49031,Y
49032,Y
49033,Y
49034,Y
57141,Y
58199,Y
49035,Y
57138,Y
49036,Y
49037,Y
62774,Y
55496,Y
38182,Y
69092,Y
29504,Y
13408,Y
43089,Y
49284,Y
69086,Y
42795,Y
43975,Y
19611,Y
17122,Y
44449,Y
54086,Y
17842,Y
20644,Y
35509,Y
68996,Y
14996,Y
69053,Y
62527,Y
42794,Y
43003,Y
62181,Y
68450,Y
66888,Y
24983,Y
43017,Y
16980,Y
43472,Y
68545,Y
20715,Y
13890,Y
13875,Y
52631,Y
56737,Y
57314,Y
57596,Y
60486,Y
44970,Y
56044,Y
48140,Y
36974,Y
36889,Y
44302,Y
67934,Y
67937,Y
57904,Y
19358,Y
15283,Y
38921,Y
69093,Y
68898,Y
69094,Y
26317,Y
46306,Y
56173,Y
33575,Y
69095,Y
58505,Y
16112,Y
58469,Y
67514,Y
67940,Y
61972,Y
64654,Y
68336,Y
51848,Y
51849,Y
51874,Y
59273,Y
59275,Y
59276,Y
59277,Y
59278,Y
59674,Y
14449,Y
30844,Y
37219,Y
33004,Y
69101,Y
38011,Y
59929,Y
60978,Y
50639,Y
61606,Y
61019,Y
62402,Y
40612,Y
40200,Y
43193,Y
40491,Y
40378,Y
53780,Y
48005,Y
16104,Y
35364,Y
66934,Y
45571,Y
54589,Y
69057,Y
19147,Y
19161,Y
67111,Y
58631,Y
59225,Y
59236,Y
12566,Y
64699,Y
54004,Y
69055,Y
26499,Y
48601,Y
69074,Y
56045,Y
65199,Y
64891,Y
51378,Y
40174,Y
69103,Y
43016,Y
40592,Y
53679,Y
28232,Y
35901,Y
20460,Y
50183,Y
34317,Y
69104,Y
68941,Y
22796,Y
65582,Y
69088,Y
69089,Y
69091,Y
69090,Y
69105,Y
28103,Y
47932,Y
19221,Y
35209,Y
29046,Y
69106,Y
32645,Y
61543,Y
64868,Y
35546,Y
32174,Y
22354,Y
31160,Y
16961,Y
26751,Y
16142,Y
31342,Y
32638,Y
32612,Y
29725,Y
22353,Y
17388,Y
54909,Y
29727,Y
16311,Y
27102,Y
29176,Y
31465,Y
69107,Y
61939,Y
69108,Y
69109,Y
69110,Y
69111,Y
69112,Y
69113,Y
25231,Y
67262,Y
57322,Y
68856,Y
68852,Y
68863,Y
68850,Y
31004,Y
63021,Y
32714,Y
56406,Y
32861,Y
27788,Y
68809,Y
16214,Y
52465,Y
56434,Y
32372,Y
65572,Y
62244,Y
58736,Y
56416,Y
35242,Y
58706,Y
35411,Y
69065,Y
56358,Y
45454,Y
56430,Y
14133,Y
69178,Y
38803,Y
69180,Y
44257,Y
68920,Y
69181,Y
31580,Y
69182,Y
69183,Y
67980,Y
43930,Y
68915,Y
54256,Y
64896,Y
64895,Y
29236,Y
58288,Y
69184,Y
69185,Y
69186,Y
66621,Y
69187,Y
69188,Y
69189,Y
30422,Y
20090,Y
64901,Y
65183,Y
43682,Y
41015,Y
51027,Y
50096,Y
69190,Y
69192,Y
65812,Y
56510,Y
28961,Y
66356,Y
24370,Y
39942,Y
21290,Y
21288,Y
46729,Y
46732,Y
69196,Y
50864,Y
51803,Y
68869,Y
66548,Y
66557,Y
69193,Y
64147,Y
50321,Y
54242,Y
43594,Y
69199,Y
59749,Y
56820,Y
51997,Y
51908,Y
56833,Y
51903,Y
51901,Y
51899,Y
61347,Y
61346,Y
61343,Y
59072,Y
53395,Y
59071,Y
59070,Y
59068,Y
59065,Y
56281,Y
52406,Y
57625,Y
57624,Y
57623,Y
59752,Y
57620,Y
57619,Y
57617,Y
57616,Y
42672,Y
56301,Y
56284,Y
56283,Y
56280,Y
56278,Y
56081,Y
42698,Y
51327,Y
51331,Y
44115,Y
34919,Y
33250,Y
29056,Y
69211,Y
69236,Y
69237,Y
30251,Y
47022,Y
23262,Y
26608,Y
43045,Y
26760,Y
44066,Y
38986,Y
38961,Y
68955,Y
66559,Y
69239,Y
69061,Y
69240,Y
47884,Y
69244,Y
59861,Y
49240,Y
62724,Y
27677,Y
68677,Y
67837,Y
68811,Y
34918,Y
54316,Y
53469,Y
69249,Y
14060,Y
25036,Y
63087,Y
22398,Y
21932,Y
28356,Y
25645,Y
19698,Y
62583,Y
69248,Y
52771,Y
52868,Y
43664,Y
64883,Y
59536,Y
41162,Y
56029,Y
26972,Y
24472,Y
68853,Y
69179,Y
69253,Y
69254,Y
69252,Y
37052,Y
41240,Y
14571,Y
53608,Y
56963,Y
56961,Y
56999,Y
56972,Y
57004,Y
57760,Y
26815,Y
44551,Y
30376,Y
35526,Y
36374,Y
26211,Y
43994,Y
40888,Y
69218,Y
69222,Y
69225,Y
69266,Y
26822,Y
35391,Y
25660,Y
69267,Y
11477,Y
16929,Y
17965,Y
33930,Y
69246,Y
51438,Y
56393,Y
69062,Y
53193,Y
53285,Y
52892,Y
62317,Y
18267,Y
69250,Y
69197,Y
35681,Y
69272,Y
69273,Y
56035,Y
26817,Y
57767,Y
68807,Y
69278,Y
68855,Y
69201,Y
69227,Y
69206,Y
69212,Y
68911,Y
69063,Y
63201,Y
26511,Y
53250,Y
51906,Y
65890,Y
65892,Y
56048,Y
46147,Y
67874,Y
69294,Y
69295,Y
47044,Y
49686,Y
69299,Y
66282,Y
38698,Y
49825,Y
49841,Y
31243,Y
69297,Y
69304,Y
69305,Y
62040,Y
48199,Y
29386,Y
22092,Y
43950,Y
44443,Y
15523,Y
15521,Y
42564,Y
14600,Y
35043,Y
24761,Y
50946,Y
51495,Y
24523,Y
55034,Y
34119,Y
59766,Y
56684,Y
35095,Y
35806,Y
52187,Y
50444,Y
60385,Y
48117,Y
63890,Y
34150,Y
59400,Y
56814,Y
66463,Y
69270,Y
50869,Y
63189,Y
47166,Y
57058,Y
46955,Y
36617,Y
50907,Y
36488,Y
54693,Y
27824,Y
69068,Y
69083,Y
27840,Y
33886,Y
45998,Y
46564,Y
56056,Y
69243,Y
51435,Y
61740,Y
59113,Y
37690,Y
24739,Y
42778,Y
33518,Y
51697,Y
19811,Y
21316,Y
19852,Y
53144,Y
37692,Y
36619,Y
47168,Y
43667,Y
46554,Y
46527,Y
46261,Y
43198,Y
37680,Y
46529,Y
60118,Y
60107,Y
57673,Y
57889,Y
51809,Y
57062,Y
57057,Y
56810,Y
56609,Y
56607,Y
47949,Y
69315,Y
53271,Y
69316,Y
60562,Y
60617,Y
60537,Y
60585,Y
57306,Y
60597,Y
69205,Y
69202,Y
60647,Y
24022,Y
67346,Y
61969,Y
67161,Y
69317,Y
69319,Y
69318,Y
16255,Y
69215,Y
69221,Y
67246,Y
30552,Y
67665,Y
69306,Y
69307,Y
10205,Y
69308,Y
69309,Y
69310,Y
69311,Y
69312,Y
69313,Y
46904,Y
23812,Y
31585,Y
29499,Y
23851,Y
13531,Y
19078,Y
69067,Y
25135,Y
18226,Y
53951,Y
58779,Y
69298,Y
69320,Y
40600,Y
47016,Y
56071,Y
60615,Y
60546,Y
60497,Y
60587,Y
60527,Y
60528,Y
60530,Y
60564,Y
60627,Y
60539,Y
60645,Y
60568,Y
60565,Y
60654,Y
60610,Y
32227,Y
24777,Y
25857,Y
28619,Y
37174,Y
69424,Y
54850,Y
69464,Y
67400,Y
21334,Y
69071,Y
53432,Y
43928,Y
69002,Y
69465,Y
69425,Y
69443,Y
23519,Y
69467,Y
69468,Y
69469,Y
21738,Y
69471,Y
56958,Y
56936,Y
69472,Y
69473,Y
69476,Y
69477,Y
69478,Y
69479,Y
37521,Y
35945,Y
69415,Y
69480,Y
40327,Y
40326,Y
67249,Y
35480,Y
10195,Y
39069,Y
29864,Y
44692,Y
68142,Y
68141,Y
25873,Y
48445,Y
62491,Y
69482,Y
48727,Y
15231,Y
49787,Y
32351,Y
49800,Y
69483,Y
44450,Y
30443,Y
69486,Y
69485,Y
42639,Y
31216,Y
66645,Y
66598,Y
66633,Y
69487,Y
69251,Y
20391,Y
30268,Y
63654,Y
69377,Y
69064,Y
21155,Y
49208,Y
31578,Y
28416,Y
69488,Y
69489,Y
65188,Y
68895,Y
23292,Y
26239,Y
56053,Y
69451,Y
67162,Y
50315,Y
69491,Y
49802,Y
56807,Y
40744,Y
33001,Y
45818,Y
38891,Y
69493,Y
69422,Y
37966,Y
32754,Y
32384,Y
51985,Y
64166,Y
43418,Y
69300,Y
69500,Y
69301,Y
56404,Y
51532,Y
63648,Y
63871,Y
59119,Y
63843,Y
59823,Y
63896,Y
62311,Y
59407,Y
59129,Y
59109,Y
59108,Y
58728,Y
63874,Y
63850,Y
60483,Y
60749,Y
59116,Y
32528,Y
33715,Y
53624,Y
35175,Y
27354,Y
56793,Y
51676,Y
69504,Y
49617,Y
69314,Y
33872,Y
53706,Y
53681,Y
53701,Y
53704,Y
53705,Y
53684,Y
49432,Y
53703,Y
53707,Y
44351,Y
51522,Y
56576,Y
67664,Y
69256,Y
65903,Y
67955,Y
68794,Y
67126,Y
66963,Y
66961,Y
66948,Y
67666,Y
39980,Y
64172,Y
63817,Y
63816,Y
63815,Y
63814,Y
63813,Y
63812,Y
63811,Y
63810,Y
63807,Y
68824,Y
68591,Y
68015,Y
67446,Y
65928,Y
65927,Y
65926,Y
65925,Y
65924,Y
65923,Y
65922,Y
39963,Y
51211,Y
51213,Y
51219,Y
68206,Y
68163,Y
68157,Y
66287,Y
62310,Y
62309,Y
61696,Y
61435,Y
57747,Y
57746,Y
57745,Y
57743,Y
57125,Y
30393,Y
53828,Y
69509,Y
33625,Y
69511,Y
69510,Y
69235,Y
69004,Y
69512,Y
62083,Y
69000,Y
69279,Y
69007,Y
69276,Y
69066,Y
59963,Y
53995,Y
68111,Y
23308,Y
61930,Y
62325,Y
69515,Y
69516,Y
34792,Y
47034,Y
15636,Y
43866,Y
41255,Y
26703,Y
45751,Y
38496,Y
46207,Y
41300,Y
33974,Y
47136,Y
45927,Y
38109,Y
37485,Y
17479,Y
32883,Y
19879,Y
26790,Y
38110,Y
17664,Y
69526,Y
67884,Y
33863,Y
68680,Y
53267,Y
69528,Y
69529,Y
69530,Y
68596,Y
17600,Y
57089,Y
67644,Y
69281,Y
69283,Y
69286,Y
69289,Y
69290,Y
69292,Y
37870,Y
23316,Y
57784,Y
28207,Y
54483,Y
50826,Y
36768,Y
36655,Y
40379,Y
40402,Y
36774,Y
16002,Y
41239,Y
69508,Y
59754,Y
46906,Y
32329,Y
68275,Y
31588,Y
68328,Y
36397,Y
69535,Y
61469,Y
69536,Y
69537,Y
69538,Y
69539,Y
69540,Y
69541,Y
63826,Y
62189,Y
69543,Y
43039,Y
69378,Y
69363,Y
69176,Y
50274,Y
23110,Y
42852,Y
67107,Y
44699,Y
50949,Y
43043,Y
69544,Y
69545,Y
69546,Y
69547,Y
69548,Y
69549,Y
69550,Y
69551,Y
69552,Y
69553,Y
54119,Y
69557,Y
69559,Y
59087,Y
69554,Y
66826,Y
39875,Y
69293,Y
69558,Y
69523,Y
41217,Y
26810,Y
55477,Y
55458,Y
35437,Y
62078,Y
15119,Y
36049,Y
31846,Y
14184,Y
69531,Y
69518,Y
69519,Y
69520,Y
30210,Y
19809,Y
21295,Y
26586,Y
33095,Y
22829,Y
31405,Y
43149,Y
45974,Y
45403,Y
28204,Y
28866,Y
29827,Y
11243,Y
32267,Y
69561,Y
44829,Y
45740,Y
43565,Y
31471,Y
36940,Y
31470,Y
50252,Y
39989,Y
48833,Y
41149,Y
33271,Y
41152,Y
34480,Y
25127,Y
19126,Y
28632,Y
69562,Y
28178,Y
22444,Y
29654,Y
45739,Y
11216,Y
48027,Y
24340,Y
24335,Y
60968,Y
59091,Y
69216,Y
69581,Y
69571,Y
34083,Y
69587,Y
19375,Y
52962,Y
54214,Y
69503,Y
12544,Y
68823,Y
50675,Y
69492,Y
69494,Y
69498,Y
26489,Y
69499,Y
66294,Y
66583,Y
69598,Y
69599,Y
16657,Y
58461,Y
69421,Y
69219,Y
69416,Y
46328,Y
45245,Y
17487,Y
69627,Y
69427,Y
28683,Y
69626,Y
69612,Y
55085,Y
66374,Y
69600,Y
69601,Y
69614,Y
69379,Y
67988,Y
69608,Y
69644,Y
69223,Y
27927,Y
69648,Y
23838,Y
37099,Y
69593,Y
69633,Y
69630,Y
69636,Y
69634,Y
69637,Y
68826,Y
68878,Y
37611,Y
47538,Y
51818,Y
69501,Y
69502,Y
30270,Y
59788,Y
65723,Y
64893,Y
69542,Y
69639,Y
34279,Y
57755,Y
69602,Y
69604,Y
69513,Y
69514,Y
69579,Y
69655,Y
26757,Y
18937,Y
19312,Y
69658,Y
69618,Y
57765,Y
54968,Y
69381,Y
21016,Y
57431,Y
55698,Y
21032,Y
52984,Y
59806,Y
69075,Y
60875,Y
55648,Y
69595,Y
69527,Y
69651,Y
10187,Y
10196,Y
12357,Y
12360,Y
12662,Y
13425,Y
13666,Y
14241,Y
15165,Y
15714,Y
15919,Y
16409,Y
16600,Y
17095,Y
17817,Y
19275,Y
21640,Y
21641,Y
22326,Y
23453,Y
25585,Y
25183,Y
40321,Y
40317,Y
40328,Y
40325,Y
40323,Y
17497,Y
27440,Y
41051,Y
66388,Y
62503,Y
69668,Y
55020,Y
69675,Y
37828,Y
32859,Y
25089,Y
69419,Y
69423,Y
69420,Y
52591,Y
25305,Y
69677,Y
44228,Y
69654,Y
48826,Y
69678,Y
69616,Y
69680,Y
23914,Y
62426,Y
69490,Y
52355,Y
66471,Y
59422,Y
47676,Y
51133,Y
47675,Y
69665,Y
69683,Y
69684,Y
69588,Y
69685,Y
69686,Y
33624,Y
35592,Y
69572,Y
69687,Y
49408,Y
49407,Y
57160,Y
57161,Y
69200,Y
60642,Y
60593,Y
60629,Y
68466,Y
61964,Y
69666,Y
69048,Y
69269,Y
45850,Y
45848,Y
65829,Y
68557,Y
68880,Y
68517,Y
69054,Y
69650,Y
66822,Y
46560,Y
61254,Y
44334,Y
69681,Y
69224,Y
69417,Y
59678,Y
69605,Y
69606,Y
69607,Y
69444,Y
69656,Y
69649,Y
69474,Y
69708,Y
61439,Y
69624,Y
69623,Y
63894,Y
69691,Y
69532,Y
69462,Y
69613,Y
59408,Y
69652,Y
63382,Y
47620,Y
69030,Y
66901,Y
27127,Y
69646,Y
69603,Y
16762,Y
56916,Y
48344,Y
56943,Y
56974,Y
68426,Y
54628,Y
31255,Y
41167,Y
29188,Y
15261,Y
22608,Y
33641,Y
33934,Y
22610,Y
37122,Y
37440,Y
31888,Y
31353,Y
48701,Y
46853,Y
65518,Y
31361,Y
32769,Y
31318,Y
32153,Y
59717,Y
59718,Y
59719,Y
59720,Y
59721,Y
59722,Y
69453,Y
69669,Y
56811,Y
69643,Y
34583,Y
62777,Y
43067,Y
61528,Y
61262,Y
61530,Y
61265,Y
69692,Y
18363,Y
24115,Y
47870,Y
69724,Y
69725,Y
69653,Y
66260,Y
64865,Y
69721,Y
50283,Y
23095,Y
50270,Y
50287,Y
50290,Y
53746,Y
51445,Y
68625,Y
69726,Y
69727,Y
69728,Y
69729,Y
69704,Y
52500,Y
52494,Y
52511,Y
52495,Y
52698,Y
52268,Y
60305,Y
56026,Y
69730,Y
69712,Y
69714,Y
69715,Y
69690,Y
26763,Y
23195,Y
62188,Y
47631,Y
65342,Y
60765,Y
48284,Y
69585,Y
69733,Y
69734,Y
69735,Y
69736,Y
69737,Y
69738,Y
15219,Y
69663,Y
69664,Y
50830,Y
22268,Y
27033,Y
35446,Y
18729,Y
24843,Y
68851,Y
69699,Y
28470,Y
20230,Y
69739,Y
69709,Y
69740,Y
15913,Y
46280,Y
52114,Y
46330,Y
46303,Y
69670,Y
50677,Y
27355,Y
44576,Y
38844,Y
38820,Y
64797,Y
26141,Y
20109,Y
28518,Y
51390,Y
54121,Y
36336,Y
69792,Y
69732,Y
69798,Y
69797,Y
69705,Y
69757,Y
69563,Y
69745,Y
69069,Y
69565,Y
69586,Y
69743,Y
69801,Y
69800,Y
66629,Y
65515,Y
68515,Y
69073,Y
61847,Y
69748,Y
69028,Y
44406,Y
69793,Y
61993,Y
48975,Y
36954,Y
69413,Y
69564,Y
66259,Y
69702,Y
69719,Y
67445,Y
69731,Y
36234,Y
44340,Y
51972,Y
36232,Y
49344,Y
49355,Y
62561,Y
49334,Y
20223,Y
49345,Y
49341,Y
49335,Y
46015,Y
54261,Y
52102,Y
22102,Y
60860,Y
54060,Y
13729,Y
53394,Y
54040,Y
52699,Y
52156,Y
52725,Y
67556,Y
13428,Y
14722,Y
14113,Y
52320,Y
12025,Y
13663,Y
28128,Y
69414,Y
62453,Y
59565,Y
34017,Y
69448,Y
57433,Y
41002,Y
56985,Y
48551,Y
69843,Y
69846,Y
34358,Y
69693,Y
49537,Y
66663,Y
69821,Y
69820,Y
69560,Y
50089,Y
33890,Y
69847,Y
69566,Y
51416,Y
51412,Y
52270,Y
61674,Y
55308,Y
61712,Y
56031,Y
69838,Y
63086,Y
69771,Y
47671,Y
60913,Y
61062,Y
49368,Y
66280,Y
23203,Y
49322,Y
50336,Y
69676,Y
69429,Y
50842,Y
69723,Y
49192,Y
69682,Y
69802,Y
69803,Y
69804,Y
69805,Y
69806,Y
69807,Y
69808,Y
61643,Y
46799,Y
69790,Y
67992,Y
67990,Y
67770,Y
68014,Y
47057,Y
53384,Y
55119,Y
69689,Y
69815,Y
46891,Y
44467,Y
24399,Y
39760,Y
52891,Y
38854,Y
56891,Y
69871,Y
17053,Y
32116,Y
48861,Y
69631,Y
69632,Y
60754,Y
51651,Y
51465,Y
60922,Y
61375,Y
59803,Y
61399,Y
54083,Y
59485,Y
58625,Y
58053,Y
54987,Y
69863,Y
69628,Y
22619,Y
10146,Y
69825,Y
69811,Y
69875,Y
69575,Y
69645,Y
19654,Y
53818,Y
69877,Y
69878,Y
69874,Y
69876,Y
46857,Y
67267,Y
66653,Y
54133,Y
36266,Y
64033,Y
69880,Y
39944,Y
69865,Y
54633,Y
69870,Y
69866,Y
69836,Y
26337,Y
37176,Y
67969,Y
68012,Y
62910,Y
69884,Y
69765,Y
69763,Y
69752,Y
69754,Y
14475,Y
28086,Y
36599,Y
61570,Y
18719,Y
22756,Y
33703,Y
48866,Y
48923,Y
69890,Y
69891,Y
61693,Y
60161,Y
60857,Y
69746,Y
38532,Y
69661,Y
69641,Y
32348,Y
69698,Y
69895,Y
69896,Y
69897,Y
51768,Y
49618,Y
56405,Y
52918,Y
40152,Y
50069,Y
60858,Y
36448,Y
41498,Y
69899,Y
69900,Y
63164,Y
66651,Y
69694,Y
69446,Y
31181,Y
62248,Y
59484,Y
58633,Y
69718,Y
16265,Y
34100,Y
32159,Y
69534,Y
69901,Y
35375,Y
33047,Y
19699,Y
69596,Y
32472,Y
63422,Y
54152,Y
69902,Y
69720,Y
69903,Y
58793,Y
51419,Y
51409,Y
56027,Y
52272,Y
56021,Y
56022,Y
56024,Y
56025,Y
56028,Y
56032,Y
56033,Y
16031,Y
23321,Y
69894,Y
26503,Y
31978,Y
58152,Y
11451,Y
63861,Y
11632,Y
56692,Y
40713,Y
69879,Y
23192,Y
36962,Y
23300,Y
27987,Y
69904,Y
57445,Y
49308,Y
69844,Y
29633,Y
54146,Y
60381,Y
67792,Y
47272,Y
52056,Y
47456,Y
29534,Y
69883,Y
69886,Y
69887,Y
69889,Y
56611,Y
69659,Y
15877,Y
48023,Y
69749,Y
69777,Y
69794,Y
24079,Y
20093,Y
66634,Y
69864,Y
43061,Y
25136,Y
35762,Y
23154,Y
69905,Y
53119,Y
40755,Y
69907,Y
69858,Y
69892,Y
69893,Y
35773,Y
69855,Y
69912,Y
63294,Y
62621,Y
62444,Y
62446,Y
61514,Y
69906,Y
69917,Y
63856,Y
43194,Y
67868,Y
53574,Y
69696,Y
69760,Y
50518,Y
50762,Y
50538,Y
69758,Y
51023,Y
61177,Y
69756,Y
69755,Y
69751,Y
60389,Y
18276,Y
65428,Y
35893,Y
21803,Y
14045,Y
27800,Y
35892,Y
35895,Y
39724,Y
21789,Y
55437,Y
66429,Y
69936,Y
33003,Y
13966,Y
32025,Y
57900,Y
16476,Y
35826,Y
62240,Y
50506,Y
69935,Y
69933,Y
50871,Y
50012,Y
64150,Y
33790,Y
56828,Y
49586,Y
16271,Y
49870,Y
69937,Y
69915,Y
59972,Y
51370,Y
69629,Y
56303,Y
69939,Y
40737,Y
56050,Y
58274,Y
57671,Y
53431,Y
57622,Y
56503,Y
46429,Y
69911,Y
69617,Y
55310,Y
51405,Y
52275,Y
52274,Y
52273,Y
60220,Y
14088,Y
54299,Y
65746,Y
22180,Y
26762,Y
69722,Y
54149,Y
54150,Y
31676,Y
11380,Y
66614,Y
28435,Y
38273,Y
59795,Y
58283,Y
69940,Y
52364,Y
43208,Y
69260,Y
59076,Y
59075,Y
59073,Y
59066,Y
52702,Y
62099,Y
56080,Y
56079,Y
51902,Y
54932,Y
51499,Y
51503,Y
51280,Y
63117,Y
63110,Y
51315,Y
51316,Y
62911,Y
69703,Y
69958,Y
69959,Y
52496,Y
56153,Y
69960,Y
44041,Y
58772,Y
67453,Y
63954,Y
52863,Y
19655,Y
63417,Y
69961,Y
54586,Y
23025,Y
59024,Y
59161,Y
69962,Y
69441,Y
62417,Y
69975,Y
59055,Y
69984,Y
17107,Y
63458,Y
69986,Y
69987,Y
63461,Y
55967,Y
48173,Y
19922,Y
46320,Y
69988,Y
70012,Y
45642,Y
51320,Y
57280,Y
65901,Y
32706,Y
42847,Y
43808,Y
64995,Y
69635,Y
58973,Y
69710,Y
69951,Y
56754,Y
56319,Y
64885,Y
61903,Y
47645,Y
28466,Y
69953,Y
69985,Y
58691,Y
20293,Y
14991,Y
69470,Y
69440,Y
69783,Y
53295,Y
61203,Y
69982,Y
19230,Y
57828,Y
42482,Y
70026,Y
70033,Y
70004,Y
15705,Y
50242,Y
38954,Y
70014,Y
34917,Y
48006,Y
70041,Y
51904,Y
54890,Y
70042,Y
70036,Y
46014,Y
43508,Y
70037,Y
70022,Y
66595,Y
63202,Y
70024,Y
12523,Y
54970,Y
26882,Y
69594,Y
69435,Y
38343,Y
39407,Y
70046,Y
70047,Y
45274,Y
19157,Y
48848,Y
56243,Y
58842,Y
69647,Y
63889,Y
62838,Y
62834,Y
63730,Y
70057,Y
62912,Y
62920,Y
42631,Y
38145,Y
32854,Y
22096,Y
42715,Y
27007,Y
43421,Y
42578,Y
51186,Y
69785,Y
44271,Y
70060,Y
63200,Y
50262,Y
43382,Y
61848,Y
36997,Y
34484,Y
50785,Y
50795,Y
50605,Y
52527,Y
50608,Y
63075,Y
24409,Y
62239,Y
23383,Y
42559,Y
33242,Y
69989,Y
51761,Y
70051,Y
69505,Y
68538,Y
70061,Y
31733,Y
56051,Y
56052,Y
56054,Y
63199,Y
69791,Y
70062,Y
70052,Y
54153,Y
54264,Y
16531,Y
11219,Y
19370,Y
16326,Y
54559,Y
69695,Y
38603,Y
47032,Y
22547,Y
70045,Y
70043,Y
49454,Y
50108,Y
70064,Y
70065,Y
70066,Y
70017,Y
54282,Y
54274,Y
54267,Y
70039,Y
70075,Y
25948,Y
63421,Y
10109,Y
70085,Y
70068,Y
53551,Y
48143,Y
28136,Y
49489,Y
50299,Y
29154,Y
70067,Y
70087,Y
60769,Y
66624,Y
70089,Y
70090,Y
38656,Y
34658,Y
70091,Y
69954,Y
69795,Y
70084,Y
69786,Y
52954,Y
69285,Y
23659,Y
45975,Y
27752,Y
26883,Y
57804,Y
25143,Y
26483,Y
22183,Y
22184,Y
27755,Y
43546,Y
32319,Y
65193,Y
41074,Y
70093,Y
70088,Y
69881,Y
69947,Y
68998,Y
26502,Y
20263,Y
69945,Y
70074,Y
65196,Y
59135,Y
59132,Y
62128,Y
46420,Y
52706,Y
48711,Y
48962,Y
46713,Y
46708,Y
53661,Y
46733,Y
65709,Y
68521,Y
69463,Y
69459,Y
65648,Y
65650,Y
64664,Y
66975,Y
65839,Y
66587,Y
52010,Y
62914,Y
25794,Y
58387,Y
26884,Y
57261,Y
63586,Y
65788,Y
70094,Y
70095,Y
54271,Y
43983,Y
69428,Y
67224,Y
56111,Y
24618,Y
48183,Y
34495,Y
66886,Y
63157,Y
66628,Y
43522,Y
16679,Y
61333,Y
48007,Y
63407,Y
11045,Y
70100,Y
45214,Y
51356,Y
41396,Y
14090,Y
47904,Y
70096,Y
51706,Y
66935,Y
70101,Y
60974,Y
20445,Y
43034,Y
70102,Y
47297,Y
70103,Y
26195,Y
25474,Y
52836,Y
23284,Y
11450,Y
58254,Y
26148,Y
18912,Y
23423,Y
57963,Y
56887,Y
56546,Y
47963,Y
58894,Y
69449,Y
70098,Y
62743,Y
23258,Y
70114,Y
70111,Y
54764,Y
54273,Y
54262,Y
58502,Y
58759,Y
42682,Y
70116,Y
70023,Y
35326,Y
29053,Y
26682,Y
68455,Y
12473,Y
